11
0  0  0 0 0 0 1440
-756600  3226100  3 45 1 27 615
-2946700  4178100  4 34 1 38 579
-836600  5925800  12 35 1 11 568
-256900  5276100  8 30 1 28 553
-186600  6456900  2 34 1 2 581
-635200  5938300  9 35 0 188 862
-456900  4416100  19 37 0 185 926
-322900  3856600  19 35 0 198 944
-2776900  4110000  6 43 0 85 828
-246900  -418100  5 32 0 73 788
0 0.25 0.25 0.25 0.25 0.25 0.15 0.05 0.15 0.05 0.05 
0.15 0 0.15 0.25 0.15 0.25 0.25 0.15 0.15 0.15 0.15 
0.15 0.25 0 0.05 0.05 0.05 0.15 0.25 0.05 0.25 0.15 
0.05 0.25 0.15 0 0.25 0.05 0.05 0.15 0.25 0.25 0.05 
0.05 0.05 0.05 0.15 0 0.05 0.25 0.25 0.25 0.05 0.15 
0.25 0.15 0.05 0.25 0.15 0 0.15 0.15 0.05 0.25 0.15 
0.05 0.05 0.05 0.25 0.05 0.15 0 0.05 0.25 0.05 0.05 
0.15 0.05 0.25 0.05 0.05 0.15 0.15 0 0.05 0.25 0.15 
0.05 0.25 0.15 0.15 0.15 0.05 0.25 0.15 0 0.25 0.25 
0.15 0.25 0.25 0.15 0.25 0.15 0.25 0.25 0.15 0 0.15 
0.15 0.25 0.15 0.25 0.05 0.15 0.25 0.15 0.05 0.05 0 
