11
0  0  0 0 0 0 1440
643400  373000  18 35 1 5 538
711300  35600  10 38 1 2 541
-736900  4400000  9 45 1 4 543
-28400  -501900  16 33 1 5 599
-536300  6306600  2 45 1 3 521
-498481  4090041  9 36 0 171 866
1033100  596100  27 30 0 67 794
-17500  -152800  57 42 0 81 823
-766900  5720100  10 39 0 95 789
-156900  6458000  13 34 0 169 938
0 0.05 0.15 0.05 0.15 0.05 0.05 0.25 0.25 0.05 0.05 
0.05 0 0.05 0.15 0.15 0.05 0.25 0.05 0.15 0.05 0.25 
0.25 0.25 0 0.25 0.15 0.15 0.05 0.15 0.25 0.15 0.25 
0.15 0.15 0.05 0 0.25 0.25 0.15 0.15 0.25 0.15 0.15 
0.15 0.05 0.25 0.25 0 0.15 0.15 0.15 0.15 0.25 0.15 
0.15 0.25 0.05 0.15 0.25 0 0.25 0.15 0.25 0.25 0.25 
0.05 0.15 0.15 0.05 0.15 0.15 0 0.15 0.25 0.25 0.15 
0.25 0.25 0.15 0.15 0.15 0.05 0.05 0 0.15 0.05 0.25 
0.25 0.25 0.25 0.15 0.15 0.05 0.15 0.25 0 0.15 0.15 
0.15 0.05 0.15 0.15 0.05 0.15 0.15 0.15 0.15 0 0.15 
0.05 0.05 0.15 0.05 0.25 0.25 0.25 0.05 0.05 0.25 0 
