11
0  0  0 0 0 0 1440
-1129600  -9924700  6 31 1 5 495
-946600  -11273100  2 41 1 12 527
-756600  3226100  3 45 1 0 539
-986200  1882900  5 32 1 11 567
-1059328  1423140  11 37 1 15 552
1176700  1555200  4 44 0 289 994
-1104700  1861600  2 35 0 242 950
-2716600  1710000  5 30 0 214 947
-2644100  1544200  4 34 0 349 1042
-1856900  1625000  5 41 0 235 940
0 0.25 0.15 0.25 0.25 0.15 0.15 0.15 0.25 0.15 0.15 
0.15 0 0.25 0.25 0.05 0.05 0.25 0.15 0.25 0.15 0.15 
0.25 0.25 0 0.25 0.05 0.15 0.15 0.15 0.15 0.05 0.05 
0.05 0.25 0.15 0 0.25 0.15 0.15 0.05 0.05 0.25 0.15 
0.15 0.05 0.15 0.25 0 0.15 0.15 0.05 0.15 0.15 0.05 
0.05 0.05 0.25 0.05 0.15 0 0.25 0.15 0.15 0.15 0.15 
0.15 0.25 0.05 0.05 0.15 0.15 0 0.05 0.15 0.25 0.05 
0.05 0.25 0.15 0.15 0.25 0.05 0.25 0 0.05 0.05 0.15 
0.15 0.15 0.15 0.25 0.25 0.25 0.25 0.15 0 0.15 0.25 
0.25 0.05 0.25 0.05 0.25 0.05 0.05 0.05 0.25 0 0.25 
0.25 0.25 0.15 0.05 0.15 0.05 0.25 0.15 0.25 0.15 0 
