11
0  0  0 0 0 0 1440
-1016900  4460000  4 33 1 8 536
-2069700  1651400  6 31 1 16 535
-2686900  1478900  3 41 1 18 612
-766600  4375000  12 42 1 17 555
-1074100  4646100  9 38 1 13 512
-3476600  4198000  11 37 0 177 946
-1048400  -10837300  8 32 0 94 849
-3516900  4163900  6 39 0 121 867
-1114000  -10876600  6 39 0 119 791
-76900  5165000  18 41 0 280 1042
0 0.15 0.05 0.25 0.05 0.05 0.15 0.05 0.05 0.05 0.05 
0.15 0 0.05 0.25 0.25 0.15 0.25 0.25 0.05 0.15 0.25 
0.25 0.25 0 0.15 0.25 0.05 0.25 0.05 0.05 0.25 0.25 
0.25 0.15 0.15 0 0.15 0.25 0.25 0.15 0.05 0.05 0.25 
0.25 0.25 0.25 0.15 0 0.15 0.05 0.05 0.25 0.15 0.25 
0.15 0.15 0.25 0.05 0.05 0 0.15 0.15 0.05 0.25 0.15 
0.05 0.05 0.05 0.25 0.05 0.25 0 0.25 0.15 0.25 0.25 
0.25 0.15 0.25 0.15 0.15 0.15 0.15 0 0.25 0.25 0.25 
0.05 0.25 0.15 0.05 0.15 0.25 0.25 0.25 0 0.25 0.15 
0.25 0.25 0.15 0.05 0.15 0.05 0.05 0.15 0.25 0 0.05 
0.05 0.25 0.25 0.05 0.05 0.05 0.15 0.15 0.05 0.05 0 
