11
0  0  0 0 0 0 1440
-1185600  -10723200  7 38 1 9 489
-1236700  -10771500  6 31 1 18 616
-2176300  1576900  12 39 1 17 582
-786300  6746900  7 41 1 3 541
-156900  6458000  13 34 1 20 531
653400  5035800  7 32 0 202 951
-1086900  1625000  25 31 0 86 748
-1073700  1490400  4 32 0 156 883
920400  213900  50 43 0 113 844
-1667500  2204700  13 35 0 169 877
0 0.25 0.15 0.25 0.25 0.25 0.15 0.15 0.05 0.05 0.05 
0.25 0 0.05 0.15 0.15 0.05 0.15 0.15 0.05 0.05 0.05 
0.25 0.25 0 0.05 0.05 0.25 0.25 0.15 0.05 0.25 0.25 
0.25 0.15 0.05 0 0.15 0.05 0.05 0.25 0.05 0.15 0.25 
0.25 0.15 0.05 0.25 0 0.25 0.25 0.05 0.15 0.15 0.05 
0.15 0.05 0.15 0.25 0.15 0 0.05 0.25 0.25 0.25 0.25 
0.25 0.25 0.25 0.15 0.05 0.15 0 0.15 0.25 0.05 0.15 
0.25 0.05 0.25 0.25 0.05 0.15 0.05 0 0.05 0.15 0.25 
0.25 0.25 0.15 0.15 0.25 0.25 0.15 0.05 0 0.05 0.15 
0.15 0.25 0.05 0.15 0.05 0.15 0.05 0.15 0.15 0 0.05 
0.25 0.05 0.25 0.05 0.25 0.15 0.05 0.15 0.25 0.05 0 
