11
0  0  0 0 0 0 1440
-554400  5540000  64 39 1 2 557
-746300  5974000  1 38 1 0 517
-1048997  2674175  1 30 1 9 523
-1924400  3205000  2 41 1 7 559
262700  -866400  7 35 1 7 584
-1036600  4305000  12 44 0 273 976
423200  -1252600  44 42 0 101 799
146600  5034700  5 35 0 163 835
-956600  -10873900  45 31 0 263 1041
-631399  -12101807  3 43 0 157 925
0 0.05 0.15 0.25 0.05 0.05 0.15 0.25 0.15 0.15 0.05 
0.25 0 0.25 0.05 0.25 0.15 0.05 0.25 0.15 0.25 0.05 
0.25 0.15 0 0.05 0.05 0.25 0.15 0.05 0.25 0.15 0.05 
0.05 0.15 0.05 0 0.05 0.25 0.15 0.25 0.05 0.25 0.25 
0.25 0.05 0.15 0.15 0 0.25 0.05 0.05 0.05 0.05 0.15 
0.15 0.15 0.25 0.25 0.25 0 0.05 0.25 0.25 0.25 0.25 
0.15 0.15 0.05 0.05 0.15 0.15 0 0.25 0.05 0.15 0.25 
0.25 0.05 0.05 0.15 0.25 0.25 0.15 0 0.15 0.05 0.05 
0.25 0.15 0.25 0.15 0.25 0.15 0.15 0.25 0 0.25 0.15 
0.25 0.15 0.25 0.05 0.15 0.05 0.25 0.25 0.25 0 0.15 
0.25 0.15 0.05 0.15 0.05 0.25 0.25 0.25 0.15 0.05 0 
