11
0  0  0 0 0 0 1440
-338500  4197900  4 40 1 14 530
1383600  1519900  3 33 1 17 579
-977200  3798000  7 38 1 15 575
-806900  -11858900  3 44 1 11 537
-266900  4210000  8 38 1 8 551
-1066300  -11572000  3 38 0 96 826
-446900  3735000  8 40 0 214 881
-1116600  4711900  9 37 0 95 837
-956600  -9950000  2 33 0 79 771
-683400  3672300  8 41 0 194 901
0 0.25 0.25 0.15 0.15 0.15 0.25 0.05 0.25 0.05 0.05 
0.25 0 0.15 0.15 0.05 0.05 0.05 0.25 0.25 0.05 0.05 
0.05 0.15 0 0.15 0.05 0.15 0.15 0.25 0.25 0.05 0.05 
0.05 0.25 0.15 0 0.15 0.25 0.15 0.15 0.25 0.25 0.15 
0.15 0.25 0.25 0.15 0 0.05 0.15 0.25 0.25 0.05 0.25 
0.15 0.15 0.05 0.15 0.25 0 0.05 0.15 0.25 0.05 0.05 
0.05 0.15 0.15 0.25 0.05 0.15 0 0.15 0.15 0.15 0.05 
0.15 0.05 0.15 0.15 0.25 0.05 0.15 0 0.15 0.05 0.05 
0.05 0.15 0.15 0.05 0.05 0.25 0.15 0.05 0 0.15 0.15 
0.15 0.25 0.15 0.05 0.15 0.25 0.05 0.25 0.15 0 0.05 
0.25 0.25 0.15 0.25 0.25 0.25 0.05 0.25 0.05 0.05 0 
