11
0  0  0 0 0 0 1440
-56900  4893900  5 31 1 12 503
-2186300  1578000  4 44 1 12 606
-1006900  -10693900  4 44 1 10 586
-738900  6544700  8 30 1 6 530
1195300  876700  15 37 1 17 497
918600  593100  22 43 0 214 963
-216300  4968900  1 36 0 138 814
-1148000  4693900  41 34 0 271 933
-3575900  4128000  6 40 0 144 909
-816900  3478900  4 41 0 196 856
0 0.05 0.05 0.05 0.05 0.05 0.25 0.05 0.05 0.15 0.05 
0.25 0 0.05 0.25 0.25 0.15 0.15 0.15 0.25 0.25 0.25 
0.05 0.15 0 0.15 0.15 0.15 0.25 0.25 0.05 0.15 0.05 
0.15 0.05 0.05 0 0.05 0.05 0.05 0.25 0.15 0.15 0.05 
0.25 0.25 0.05 0.15 0 0.05 0.05 0.05 0.25 0.05 0.05 
0.05 0.25 0.05 0.05 0.25 0 0.15 0.05 0.25 0.05 0.25 
0.25 0.25 0.05 0.05 0.05 0.15 0 0.25 0.15 0.05 0.15 
0.25 0.25 0.15 0.15 0.05 0.15 0.15 0 0.15 0.25 0.05 
0.25 0.15 0.15 0.25 0.15 0.05 0.25 0.15 0 0.25 0.25 
0.25 0.15 0.15 0.05 0.05 0.25 0.15 0.25 0.25 0 0.25 
0.25 0.25 0.05 0.15 0.15 0.05 0.15 0.05 0.15 0.05 0 
