11
0  0  0 0 0 0 1440
1183100  -5243900  6 42 1 4 561
-561300  3309600  3 35 1 3 582
-1006900  -10693900  4 44 1 0 575
432500  -179500  3 31 1 4 596
-2894500  4439600  14 30 1 0 599
-106900  4756100  2 34 0 326 987
-2056600  1590000  46 30 0 129 907
-17500  -164500  18 33 0 301 1000
1255900  1341400  11 38 0 284 1024
-1107198  1840404  1 44 0 278 988
0 0.05 0.15 0.05 0.15 0.15 0.25 0.05 0.15 0.15 0.15 
0.25 0 0.15 0.05 0.05 0.15 0.05 0.15 0.15 0.15 0.25 
0.15 0.25 0 0.05 0.15 0.25 0.05 0.05 0.05 0.25 0.25 
0.05 0.25 0.25 0 0.15 0.05 0.05 0.05 0.15 0.25 0.15 
0.15 0.25 0.05 0.05 0 0.05 0.05 0.25 0.05 0.05 0.15 
0.15 0.15 0.05 0.25 0.15 0 0.05 0.15 0.25 0.15 0.15 
0.05 0.05 0.25 0.05 0.05 0.15 0 0.05 0.25 0.15 0.25 
0.15 0.25 0.05 0.15 0.15 0.15 0.15 0 0.25 0.15 0.05 
0.05 0.25 0.15 0.05 0.25 0.25 0.25 0.15 0 0.25 0.05 
0.15 0.15 0.15 0.25 0.15 0.25 0.25 0.05 0.05 0 0.05 
0.25 0.05 0.25 0.15 0.15 0.15 0.15 0.05 0.25 0.15 0 
