11
0  0  0 0 0 0 1440
-1924700  1763300  13 44 1 28 598
-949900  -10540800  3 40 1 11 509
-86900  5550000  9 40 1 2 486
5500  5884600  10 35 1 5 505
33100  4873900  21 38 1 26 564
-491843  5733083  2 44 0 86 790
-128000  6365100  5 44 0 273 969
-998700  -11149100  6 40 0 151 870
-486600  6173000  43 37 0 246 935
-36200  -56300  14 43 0 231 1007
0 0.25 0.15 0.25 0.15 0.15 0.05 0.05 0.15 0.15 0.25 
0.05 0 0.25 0.05 0.15 0.05 0.25 0.25 0.15 0.25 0.15 
0.25 0.25 0 0.05 0.15 0.15 0.25 0.25 0.25 0.25 0.25 
0.25 0.05 0.15 0 0.15 0.05 0.25 0.15 0.25 0.15 0.15 
0.05 0.25 0.25 0.25 0 0.15 0.25 0.15 0.05 0.15 0.05 
0.05 0.25 0.25 0.25 0.15 0 0.05 0.15 0.05 0.05 0.05 
0.05 0.15 0.05 0.25 0.05 0.25 0 0.25 0.05 0.15 0.05 
0.05 0.05 0.15 0.05 0.15 0.15 0.25 0 0.25 0.15 0.05 
0.05 0.25 0.05 0.25 0.05 0.05 0.25 0.05 0 0.15 0.15 
0.05 0.05 0.15 0.15 0.15 0.15 0.05 0.05 0.25 0 0.05 
0.25 0.05 0.25 0.15 0.15 0.05 0.15 0.25 0.15 0.05 0 
