31
0  0  0 0 0 0 1440
-1156300  2586900  5 38 1 16 508
-656600  6391900  5 32 1 12 597
-636900  3226100  9 39 1 12 600
-306600  3876900  6 34 1 16 521
-514100  4042700  1 42 1 13 575
-366900  6250000  2 30 1 13 568
283400  -2815000  11 31 1 14 523
-266900  4210000  8 38 1 17 527
-325000  4621500  10 41 1 16 500
-15000  4245300  12 37 1 16 551
961400  1083000  2 36 1 16 529
-1005149  -10318037  2 35 1 1 512
1306200  783700  27 34 1 9 574
-500200  2853600  4 38 1 16 557
-1231100  3095500  13 34 1 5 605
-1264400  7530700  2 42 0 235 906
-2835700  4226100  3 31 0 146 824
1214800  881700  14 45 0 175 902
-466600  5891900  11 31 0 332 1047
-386800  6277500  13 39 0 66 841
-523100  4325400  5 33 0 304 1018
-390600  4786200  17 37 0 106 874
-106900  4756100  2 34 0 332 1070
-156900  3795100  14 30 0 67 769
-3678000  3894700  9 41 0 160 919
-1616300  1918000  8 43 0 74 759
-216300  6281900  11 41 0 315 1047
-1136600  3936900  10 33 0 279 963
-1896300  1438900  4 39 0 103 861
-60100  6081700  14 33 0 217 887
0 0.25 0.15 0.25 0.15 0.15 0.25 0.15 0.05 0.25 0.05 0.15 0.05 0.25 0.25 0.25 0.05 0.25 0.15 0.25 0.15 0.25 0.25 0.25 0.05 0.25 0.25 0.25 0.25 0.25 0.25 
0.25 0 0.25 0.15 0.25 0.15 0.15 0.15 0.25 0.15 0.15 0.15 0.25 0.05 0.05 0.15 0.25 0.25 0.05 0.15 0.15 0.05 0.25 0.25 0.15 0.25 0.15 0.25 0.25 0.25 0.05 
0.15 0.15 0 0.25 0.15 0.15 0.25 0.05 0.05 0.25 0.25 0.15 0.15 0.25 0.05 0.15 0.05 0.25 0.05 0.15 0.25 0.05 0.15 0.25 0.15 0.25 0.05 0.15 0.05 0.25 0.05 
0.25 0.05 0.15 0 0.05 0.15 0.15 0.25 0.05 0.15 0.25 0.15 0.25 0.25 0.05 0.15 0.05 0.15 0.25 0.15 0.05 0.15 0.15 0.25 0.05 0.05 0.05 0.15 0.25 0.25 0.25 
0.15 0.05 0.15 0.25 0 0.15 0.15 0.15 0.15 0.05 0.15 0.05 0.05 0.25 0.15 0.15 0.25 0.15 0.05 0.05 0.05 0.05 0.05 0.05 0.25 0.25 0.25 0.05 0.25 0.25 0.05 
0.05 0.15 0.05 0.25 0.25 0 0.15 0.25 0.15 0.05 0.25 0.05 0.05 0.15 0.15 0.05 0.15 0.15 0.25 0.05 0.05 0.05 0.25 0.25 0.25 0.15 0.25 0.25 0.15 0.05 0.15 
0.15 0.05 0.05 0.25 0.25 0.15 0 0.15 0.15 0.25 0.15 0.05 0.15 0.25 0.15 0.25 0.15 0.25 0.05 0.25 0.25 0.05 0.05 0.05 0.05 0.15 0.15 0.05 0.15 0.25 0.05 
0.15 0.05 0.15 0.05 0.25 0.15 0.15 0 0.15 0.15 0.15 0.25 0.25 0.15 0.15 0.15 0.05 0.05 0.15 0.25 0.25 0.15 0.25 0.25 0.25 0.25 0.05 0.25 0.25 0.15 0.25 
0.25 0.05 0.25 0.05 0.25 0.25 0.05 0.25 0 0.25 0.15 0.05 0.25 0.25 0.05 0.05 0.15 0.15 0.05 0.15 0.25 0.25 0.25 0.05 0.25 0.15 0.05 0.25 0.05 0.15 0.25 
0.05 0.15 0.15 0.25 0.15 0.15 0.15 0.15 0.25 0 0.05 0.05 0.25 0.15 0.15 0.15 0.05 0.15 0.25 0.05 0.15 0.25 0.25 0.25 0.05 0.05 0.15 0.25 0.15 0.25 0.25 
0.15 0.05 0.05 0.15 0.05 0.05 0.05 0.15 0.15 0.05 0 0.15 0.05 0.05 0.25 0.25 0.25 0.05 0.05 0.25 0.25 0.25 0.25 0.25 0.15 0.05 0.25 0.25 0.25 0.15 0.15 
0.25 0.15 0.25 0.05 0.25 0.05 0.15 0.05 0.05 0.15 0.25 0 0.05 0.05 0.05 0.15 0.25 0.05 0.05 0.15 0.25 0.15 0.25 0.05 0.25 0.15 0.15 0.15 0.15 0.25 0.15 
0.25 0.25 0.15 0.05 0.05 0.25 0.15 0.25 0.15 0.25 0.05 0.15 0 0.15 0.25 0.15 0.15 0.05 0.15 0.25 0.15 0.25 0.15 0.25 0.05 0.05 0.25 0.05 0.05 0.15 0.15 
0.25 0.15 0.05 0.05 0.25 0.25 0.25 0.05 0.05 0.05 0.05 0.25 0.05 0 0.25 0.15 0.05 0.05 0.05 0.25 0.25 0.15 0.25 0.25 0.15 0.05 0.25 0.25 0.05 0.05 0.25 
0.15 0.05 0.15 0.05 0.05 0.05 0.25 0.05 0.25 0.05 0.25 0.15 0.05 0.05 0 0.15 0.25 0.15 0.25 0.05 0.15 0.15 0.15 0.05 0.25 0.05 0.25 0.25 0.15 0.25 0.15 
0.25 0.25 0.15 0.25 0.05 0.15 0.15 0.15 0.25 0.15 0.05 0.05 0.15 0.05 0.15 0 0.25 0.05 0.05 0.05 0.15 0.15 0.15 0.15 0.15 0.05 0.05 0.25 0.05 0.05 0.15 
0.15 0.25 0.05 0.05 0.15 0.15 0.25 0.05 0.25 0.05 0.15 0.25 0.25 0.15 0.25 0.05 0 0.25 0.25 0.15 0.15 0.05 0.05 0.05 0.15 0.15 0.15 0.15 0.05 0.15 0.25 
0.25 0.05 0.15 0.15 0.05 0.25 0.25 0.15 0.05 0.15 0.05 0.15 0.25 0.15 0.15 0.25 0.15 0 0.05 0.25 0.25 0.25 0.25 0.15 0.05 0.15 0.15 0.05 0.25 0.15 0.25 
0.05 0.15 0.05 0.15 0.25 0.25 0.05 0.05 0.05 0.05 0.05 0.05 0.05 0.25 0.05 0.25 0.15 0.15 0 0.15 0.25 0.25 0.25 0.05 0.15 0.25 0.05 0.25 0.05 0.25 0.05 
0.25 0.05 0.15 0.15 0.15 0.05 0.15 0.15 0.15 0.05 0.15 0.25 0.15 0.25 0.05 0.25 0.25 0.25 0.15 0 0.15 0.15 0.15 0.25 0.25 0.25 0.25 0.05 0.05 0.15 0.25 
0.05 0.25 0.05 0.15 0.15 0.25 0.05 0.25 0.05 0.05 0.15 0.15 0.25 0.15 0.25 0.05 0.25 0.15 0.05 0.25 0 0.15 0.25 0.15 0.05 0.25 0.25 0.05 0.25 0.25 0.15 
0.25 0.25 0.25 0.25 0.15 0.05 0.05 0.15 0.15 0.25 0.25 0.25 0.05 0.05 0.15 0.05 0.15 0.25 0.05 0.15 0.15 0 0.15 0.05 0.25 0.15 0.15 0.25 0.05 0.05 0.15 
0.15 0.15 0.25 0.25 0.15 0.25 0.05 0.25 0.05 0.25 0.15 0.25 0.05 0.25 0.05 0.05 0.05 0.05 0.25 0.05 0.05 0.25 0 0.15 0.25 0.15 0.25 0.25 0.25 0.25 0.25 
0.05 0.05 0.05 0.15 0.05 0.15 0.25 0.25 0.15 0.05 0.05 0.25 0.15 0.25 0.25 0.25 0.15 0.15 0.05 0.05 0.25 0.05 0.05 0 0.25 0.25 0.25 0.15 0.25 0.15 0.25 
0.05 0.25 0.25 0.25 0.05 0.15 0.25 0.25 0.15 0.15 0.25 0.15 0.25 0.15 0.25 0.15 0.15 0.25 0.15 0.15 0.15 0.05 0.25 0.15 0 0.25 0.25 0.25 0.25 0.05 0.25 
0.05 0.25 0.15 0.25 0.05 0.15 0.25 0.25 0.25 0.25 0.25 0.15 0.05 0.15 0.25 0.25 0.15 0.05 0.05 0.05 0.15 0.05 0.15 0.15 0.05 0 0.25 0.25 0.05 0.05 0.05 
0.15 0.25 0.25 0.05 0.25 0.25 0.25 0.15 0.25 0.05 0.05 0.05 0.15 0.15 0.15 0.15 0.25 0.15 0.15 0.05 0.15 0.05 0.05 0.25 0.25 0.05 0 0.05 0.25 0.05 0.25 
0.05 0.25 0.05 0.15 0.15 0.05 0.25 0.05 0.05 0.05 0.15 0.25 0.15 0.15 0.05 0.25 0.15 0.25 0.05 0.25 0.15 0.05 0.15 0.15 0.25 0.15 0.05 0 0.15 0.05 0.25 
0.05 0.25 0.25 0.25 0.05 0.25 0.25 0.05 0.05 0.25 0.15 0.25 0.25 0.25 0.05 0.05 0.05 0.25 0.15 0.25 0.25 0.25 0.15 0.05 0.15 0.05 0.25 0.25 0 0.15 0.05 
0.15 0.15 0.05 0.05 0.25 0.25 0.05 0.05 0.25 0.25 0.15 0.25 0.15 0.05 0.15 0.25 0.15 0.25 0.15 0.15 0.25 0.05 0.15 0.15 0.15 0.05 0.05 0.25 0.05 0 0.25 
0.25 0.05 0.05 0.05 0.15 0.15 0.15 0.25 0.15 0.25 0.05 0.15 0.05 0.05 0.15 0.05 0.25 0.15 0.05 0.15 0.15 0.05 0.05 0.05 0.25 0.05 0.25 0.15 0.05 0.15 0 
