31
0  0  0 0 0 0 1440
62900  5927400  13 43 1 4 557
-574100  -11886900  2 44 1 5 525
-2866900  4260000  10 42 1 4 589
-936600  1878900  58 33 1 0 595
-1186900  1666100  2 32 1 2 524
63700  5393900  28 39 1 8 566
-594900  -9920800  2 31 1 8 537
-1308800  4023600  28 31 1 2 506
-2009900  1581300  4 30 1 6 556
-734700  3512000  19 42 1 4 604
313100  -840000  5 31 1 5 570
1336300  1005300  19 30 1 10 546
-1308800  4042200  20 34 1 3 512
-816900  3848000  10 30 1 6 535
-2894500  4439600  14 30 1 5 546
-806900  -12067000  4 30 0 247 1001
-1136600  3936900  10 33 0 293 1049
-237200  4921900  6 45 0 371 1054
-388800  6190900  2 45 0 212 894
-206600  4596900  6 32 0 407 1159
-764700  4041000  15 31 0 200 911
-656600  6288000  10 36 0 93 788
1383600  1519900  3 33 0 109 872
602800  365000  32 30 0 65 778
15193  5039154  1 43 0 350 1023
-1366900  3068000  25 43 0 383 1072
-635200  5938300  9 35 0 135 875
-1116600  4711900  9 37 0 151 885
-1167200  -10698100  21 40 0 212 911
-616900  4006900  7 44 0 310 1037
0 0.15 0.25 0.15 0.25 0.25 0.15 0.25 0.15 0.15 0.05 0.25 0.05 0.25 0.15 0.15 0.15 0.15 0.15 0.15 0.05 0.05 0.15 0.05 0.15 0.25 0.05 0.05 0.15 0.25 0.15 
0.25 0 0.15 0.25 0.25 0.25 0.25 0.15 0.25 0.05 0.05 0.15 0.25 0.15 0.15 0.25 0.25 0.05 0.05 0.25 0.15 0.25 0.25 0.05 0.05 0.05 0.25 0.05 0.15 0.25 0.05 
0.25 0.25 0 0.15 0.05 0.15 0.05 0.25 0.25 0.15 0.25 0.25 0.15 0.15 0.05 0.25 0.15 0.15 0.05 0.15 0.25 0.15 0.05 0.25 0.25 0.15 0.15 0.15 0.05 0.25 0.05 
0.25 0.05 0.15 0 0.05 0.05 0.15 0.25 0.25 0.15 0.15 0.05 0.15 0.05 0.25 0.15 0.25 0.15 0.15 0.15 0.05 0.05 0.25 0.15 0.25 0.05 0.05 0.25 0.25 0.15 0.15 
0.15 0.15 0.25 0.05 0 0.05 0.25 0.05 0.25 0.05 0.05 0.25 0.05 0.05 0.15 0.25 0.15 0.05 0.05 0.25 0.15 0.25 0.15 0.25 0.15 0.05 0.25 0.25 0.25 0.15 0.25 
0.05 0.25 0.05 0.15 0.05 0 0.05 0.15 0.25 0.15 0.15 0.05 0.15 0.05 0.25 0.25 0.05 0.15 0.05 0.25 0.15 0.05 0.05 0.25 0.05 0.25 0.05 0.05 0.15 0.05 0.05 
0.25 0.15 0.25 0.15 0.25 0.15 0 0.05 0.05 0.25 0.05 0.05 0.25 0.15 0.25 0.15 0.05 0.05 0.05 0.15 0.15 0.25 0.15 0.25 0.05 0.15 0.25 0.05 0.05 0.15 0.05 
0.25 0.15 0.15 0.15 0.25 0.15 0.05 0 0.05 0.25 0.25 0.15 0.05 0.15 0.05 0.15 0.05 0.15 0.05 0.15 0.05 0.15 0.05 0.15 0.25 0.15 0.05 0.05 0.15 0.25 0.25 
0.25 0.25 0.15 0.25 0.25 0.25 0.25 0.25 0 0.25 0.15 0.25 0.15 0.15 0.05 0.25 0.05 0.15 0.25 0.15 0.15 0.05 0.05 0.05 0.05 0.25 0.25 0.25 0.25 0.05 0.05 
0.25 0.25 0.05 0.05 0.15 0.05 0.25 0.25 0.05 0 0.05 0.25 0.15 0.25 0.25 0.05 0.25 0.05 0.05 0.25 0.25 0.15 0.15 0.15 0.05 0.15 0.05 0.15 0.15 0.25 0.25 
0.05 0.15 0.05 0.05 0.15 0.05 0.15 0.25 0.05 0.15 0 0.25 0.15 0.15 0.05 0.05 0.15 0.25 0.25 0.25 0.05 0.25 0.25 0.25 0.15 0.05 0.05 0.15 0.15 0.15 0.05 
0.25 0.25 0.25 0.25 0.05 0.05 0.25 0.25 0.05 0.25 0.15 0 0.25 0.15 0.15 0.15 0.05 0.05 0.15 0.25 0.25 0.05 0.15 0.25 0.05 0.05 0.25 0.05 0.25 0.25 0.25 
0.25 0.15 0.05 0.25 0.15 0.25 0.15 0.05 0.05 0.15 0.05 0.05 0 0.05 0.05 0.25 0.05 0.15 0.05 0.05 0.25 0.25 0.25 0.15 0.25 0.25 0.15 0.15 0.15 0.25 0.15 
0.05 0.25 0.25 0.05 0.15 0.15 0.25 0.15 0.05 0.25 0.25 0.15 0.25 0 0.15 0.25 0.05 0.15 0.25 0.05 0.05 0.15 0.15 0.15 0.15 0.15 0.05 0.05 0.25 0.05 0.05 
0.05 0.05 0.05 0.15 0.05 0.05 0.25 0.15 0.05 0.05 0.05 0.15 0.25 0.05 0 0.25 0.05 0.05 0.15 0.15 0.05 0.25 0.15 0.15 0.25 0.05 0.15 0.05 0.05 0.25 0.05 
0.25 0.15 0.15 0.25 0.05 0.25 0.15 0.15 0.05 0.15 0.25 0.25 0.25 0.25 0.15 0 0.25 0.25 0.25 0.25 0.25 0.05 0.25 0.05 0.25 0.15 0.25 0.15 0.15 0.15 0.05 
0.15 0.15 0.25 0.15 0.05 0.25 0.25 0.05 0.15 0.05 0.25 0.05 0.05 0.15 0.15 0.25 0 0.05 0.05 0.15 0.05 0.15 0.05 0.05 0.15 0.05 0.05 0.25 0.15 0.15 0.25 
0.05 0.15 0.25 0.15 0.05 0.15 0.15 0.05 0.15 0.15 0.15 0.25 0.25 0.05 0.15 0.15 0.05 0 0.15 0.05 0.25 0.15 0.15 0.15 0.05 0.25 0.25 0.15 0.05 0.25 0.05 
0.05 0.25 0.15 0.25 0.15 0.15 0.25 0.25 0.05 0.25 0.15 0.05 0.25 0.25 0.05 0.25 0.05 0.25 0 0.15 0.15 0.05 0.15 0.15 0.05 0.15 0.15 0.05 0.15 0.25 0.15 
0.25 0.05 0.25 0.25 0.15 0.15 0.25 0.25 0.15 0.15 0.05 0.05 0.25 0.15 0.25 0.05 0.25 0.05 0.25 0 0.05 0.05 0.25 0.15 0.05 0.25 0.25 0.15 0.05 0.05 0.15 
0.25 0.15 0.05 0.15 0.15 0.15 0.05 0.05 0.05 0.05 0.25 0.05 0.15 0.25 0.05 0.05 0.25 0.15 0.25 0.15 0 0.05 0.15 0.25 0.15 0.05 0.25 0.05 0.15 0.25 0.15 
0.15 0.05 0.25 0.15 0.25 0.25 0.25 0.15 0.05 0.05 0.15 0.05 0.25 0.25 0.05 0.25 0.05 0.25 0.15 0.15 0.15 0 0.05 0.05 0.05 0.05 0.15 0.25 0.15 0.05 0.05 
0.15 0.15 0.05 0.15 0.05 0.05 0.15 0.05 0.05 0.05 0.15 0.05 0.05 0.05 0.05 0.25 0.15 0.25 0.15 0.05 0.25 0.05 0 0.25 0.25 0.25 0.05 0.25 0.25 0.15 0.05 
0.25 0.05 0.05 0.15 0.05 0.05 0.05 0.15 0.15 0.05 0.15 0.05 0.25 0.25 0.05 0.25 0.15 0.25 0.05 0.05 0.15 0.25 0.25 0 0.05 0.15 0.25 0.15 0.05 0.15 0.25 
0.25 0.15 0.15 0.15 0.15 0.15 0.15 0.25 0.25 0.25 0.05 0.05 0.25 0.15 0.05 0.25 0.15 0.05 0.25 0.15 0.05 0.15 0.15 0.05 0 0.25 0.05 0.25 0.25 0.25 0.25 
0.05 0.05 0.15 0.25 0.15 0.25 0.25 0.05 0.15 0.25 0.05 0.15 0.25 0.15 0.15 0.25 0.15 0.25 0.25 0.25 0.25 0.25 0.05 0.25 0.25 0 0.25 0.25 0.15 0.05 0.25 
0.05 0.05 0.05 0.05 0.15 0.15 0.05 0.15 0.05 0.25 0.15 0.15 0.05 0.15 0.25 0.05 0.15 0.05 0.25 0.05 0.25 0.25 0.25 0.25 0.15 0.25 0 0.05 0.15 0.25 0.25 
0.05 0.25 0.15 0.05 0.25 0.25 0.25 0.15 0.15 0.15 0.05 0.05 0.05 0.05 0.05 0.15 0.25 0.25 0.05 0.25 0.05 0.25 0.15 0.25 0.05 0.25 0.25 0 0.25 0.15 0.25 
0.25 0.25 0.15 0.25 0.15 0.25 0.25 0.25 0.25 0.15 0.15 0.15 0.05 0.25 0.15 0.05 0.25 0.05 0.25 0.25 0.25 0.15 0.05 0.05 0.15 0.15 0.15 0.25 0 0.25 0.05 
0.15 0.05 0.25 0.25 0.05 0.15 0.25 0.15 0.15 0.05 0.15 0.25 0.05 0.15 0.05 0.05 0.05 0.15 0.05 0.05 0.25 0.15 0.05 0.15 0.25 0.05 0.05 0.15 0.15 0 0.15 
0.25 0.05 0.25 0.25 0.05 0.25 0.05 0.15 0.15 0.15 0.05 0.15 0.15 0.15 0.05 0.05 0.25 0.05 0.25 0.15 0.15 0.05 0.15 0.15 0.15 0.25 0.15 0.25 0.05 0.25 0 
