31
0  0  0 0 0 0 1440
-237200  4921900  6 45 1 10 504
1422100  1008500  4 39 1 8 560
-926900  4538900  11 37 1 0 595
-948800  -11561400  16 38 1 2 578
-2047500  1707200  8 41 1 4 522
1452100  1482600  16 36 1 9 502
-711800  3813500  8 36 1 5 501
-2659400  1645500  5 34 1 6 561
-1236600  4790000  7 35 1 9 526
1262800  -5436100  19 32 1 7 547
3400  6088000  8 30 1 10 557
-1363300  2207500  50 30 1 0 546
-587400  4361800  12 44 1 10 529
-106900  4756100  2 34 1 10 580
363400  -878100  8 41 1 10 497
-1903300  3226700  6 43 0 117 794
366200  -201000  8 44 0 283 951
-1257674  1525486  2 40 0 114 829
-866600  -11308100  11 39 0 319 1072
-366900  4500000  12 44 0 183 886
-946600  -9785000  10 43 0 133 795
-1906300  3241100  6 37 0 112 780
3160200  -5062200  6 43 0 153 915
-827600  4196100  7 31 0 333 1087
-1239000  4947400  13 42 0 136 896
-126300  5261900  13 39 0 123 885
62900  5927400  13 43 0 396 1075
-1917200  1483000  2 35 0 270 931
-2009900  1581300  4 30 0 51 740
-1194220  -10533694  1 38 0 200 952
0 0.05 0.15 0.25 0.25 0.05 0.05 0.25 0.25 0.05 0.15 0.05 0.25 0.05 0.15 0.25 0.05 0.15 0.15 0.05 0.15 0.05 0.25 0.05 0.15 0.05 0.05 0.15 0.25 0.15 0.05 
0.05 0 0.05 0.25 0.25 0.05 0.15 0.15 0.25 0.05 0.25 0.15 0.25 0.05 0.15 0.25 0.05 0.25 0.15 0.25 0.25 0.05 0.05 0.15 0.25 0.05 0.15 0.05 0.25 0.05 0.05 
0.25 0.05 0 0.15 0.15 0.15 0.15 0.25 0.15 0.05 0.05 0.15 0.25 0.25 0.15 0.25 0.25 0.05 0.15 0.05 0.05 0.25 0.05 0.15 0.15 0.25 0.15 0.05 0.05 0.05 0.05 
0.25 0.15 0.05 0 0.15 0.15 0.05 0.15 0.25 0.25 0.25 0.15 0.15 0.15 0.05 0.25 0.05 0.15 0.15 0.25 0.25 0.25 0.15 0.15 0.15 0.25 0.05 0.05 0.15 0.05 0.05 
0.05 0.05 0.25 0.05 0 0.25 0.05 0.15 0.25 0.15 0.05 0.05 0.15 0.15 0.05 0.05 0.25 0.15 0.25 0.05 0.25 0.15 0.15 0.25 0.25 0.15 0.05 0.05 0.15 0.25 0.05 
0.15 0.15 0.25 0.25 0.25 0 0.15 0.05 0.05 0.15 0.15 0.05 0.25 0.15 0.25 0.15 0.15 0.15 0.05 0.05 0.15 0.25 0.05 0.05 0.15 0.05 0.05 0.05 0.25 0.05 0.15 
0.25 0.05 0.25 0.25 0.25 0.25 0 0.15 0.25 0.15 0.15 0.05 0.25 0.05 0.05 0.25 0.25 0.05 0.25 0.05 0.25 0.25 0.25 0.05 0.15 0.25 0.15 0.05 0.15 0.25 0.25 
0.05 0.05 0.15 0.15 0.15 0.25 0.05 0 0.25 0.15 0.05 0.05 0.15 0.25 0.15 0.25 0.05 0.05 0.15 0.25 0.25 0.15 0.05 0.25 0.25 0.15 0.05 0.25 0.25 0.25 0.25 
0.25 0.05 0.25 0.05 0.15 0.05 0.05 0.15 0 0.25 0.25 0.05 0.05 0.05 0.15 0.15 0.25 0.15 0.15 0.25 0.15 0.15 0.15 0.25 0.15 0.25 0.05 0.05 0.25 0.05 0.15 
0.25 0.25 0.15 0.15 0.25 0.05 0.05 0.25 0.15 0 0.25 0.25 0.15 0.05 0.05 0.25 0.05 0.05 0.05 0.05 0.05 0.05 0.05 0.05 0.25 0.25 0.15 0.05 0.25 0.15 0.05 
0.05 0.15 0.15 0.15 0.15 0.05 0.05 0.05 0.05 0.05 0 0.15 0.05 0.25 0.15 0.05 0.15 0.15 0.05 0.25 0.25 0.05 0.25 0.15 0.15 0.05 0.25 0.25 0.25 0.25 0.25 
0.05 0.25 0.25 0.25 0.05 0.15 0.15 0.25 0.25 0.25 0.25 0 0.25 0.15 0.15 0.15 0.05 0.25 0.15 0.05 0.15 0.05 0.05 0.05 0.15 0.15 0.25 0.15 0.05 0.05 0.05 
0.25 0.05 0.15 0.25 0.15 0.15 0.15 0.05 0.15 0.15 0.25 0.05 0 0.25 0.25 0.15 0.15 0.15 0.15 0.05 0.15 0.15 0.05 0.25 0.05 0.15 0.25 0.25 0.15 0.15 0.15 
0.15 0.15 0.05 0.25 0.05 0.15 0.15 0.05 0.25 0.15 0.25 0.15 0.25 0 0.25 0.05 0.05 0.15 0.25 0.25 0.05 0.15 0.05 0.05 0.15 0.15 0.15 0.25 0.15 0.25 0.05 
0.05 0.25 0.05 0.25 0.15 0.05 0.15 0.05 0.05 0.15 0.15 0.05 0.15 0.05 0 0.05 0.15 0.25 0.05 0.05 0.25 0.25 0.15 0.25 0.05 0.05 0.25 0.05 0.05 0.15 0.05 
0.25 0.15 0.15 0.15 0.25 0.15 0.05 0.15 0.15 0.15 0.15 0.15 0.15 0.25 0.15 0 0.25 0.25 0.05 0.05 0.15 0.05 0.25 0.05 0.05 0.25 0.25 0.25 0.15 0.25 0.05 
0.15 0.15 0.15 0.25 0.25 0.05 0.25 0.15 0.15 0.15 0.05 0.05 0.15 0.05 0.05 0.25 0 0.15 0.05 0.15 0.25 0.25 0.25 0.05 0.15 0.05 0.25 0.15 0.05 0.05 0.15 
0.05 0.05 0.15 0.05 0.05 0.25 0.15 0.05 0.05 0.25 0.05 0.15 0.05 0.15 0.15 0.25 0.05 0 0.25 0.05 0.25 0.25 0.05 0.15 0.05 0.15 0.05 0.05 0.15 0.15 0.15 
0.15 0.15 0.25 0.25 0.25 0.05 0.25 0.25 0.05 0.25 0.15 0.15 0.05 0.15 0.25 0.05 0.15 0.25 0 0.05 0.05 0.25 0.05 0.15 0.15 0.15 0.25 0.15 0.15 0.05 0.25 
0.15 0.25 0.25 0.25 0.15 0.25 0.25 0.05 0.15 0.15 0.05 0.15 0.25 0.25 0.15 0.05 0.15 0.15 0.25 0 0.15 0.15 0.05 0.05 0.15 0.05 0.15 0.15 0.25 0.25 0.05 
0.15 0.25 0.05 0.05 0.25 0.25 0.05 0.15 0.25 0.25 0.05 0.15 0.15 0.15 0.05 0.05 0.05 0.05 0.15 0.15 0 0.15 0.15 0.05 0.05 0.25 0.05 0.25 0.25 0.25 0.15 
0.05 0.15 0.05 0.15 0.15 0.05 0.05 0.25 0.15 0.25 0.25 0.15 0.05 0.05 0.15 0.25 0.05 0.15 0.25 0.05 0.05 0 0.15 0.05 0.25 0.25 0.15 0.15 0.15 0.25 0.25 
0.25 0.25 0.05 0.15 0.25 0.25 0.05 0.05 0.25 0.15 0.05 0.15 0.25 0.05 0.05 0.25 0.15 0.05 0.05 0.05 0.05 0.15 0 0.05 0.05 0.05 0.25 0.25 0.15 0.15 0.05 
0.05 0.05 0.15 0.25 0.25 0.25 0.05 0.05 0.05 0.05 0.05 0.15 0.15 0.25 0.25 0.25 0.25 0.25 0.05 0.25 0.05 0.15 0.25 0 0.15 0.15 0.15 0.25 0.25 0.05 0.25 
0.15 0.05 0.05 0.05 0.05 0.15 0.05 0.05 0.05 0.15 0.05 0.05 0.05 0.25 0.25 0.05 0.15 0.05 0.25 0.15 0.15 0.15 0.25 0.15 0 0.25 0.05 0.25 0.25 0.15 0.15 
0.05 0.25 0.05 0.25 0.25 0.25 0.15 0.15 0.15 0.15 0.25 0.15 0.25 0.05 0.15 0.05 0.15 0.15 0.05 0.05 0.05 0.25 0.05 0.05 0.25 0 0.15 0.25 0.05 0.25 0.05 
0.05 0.15 0.05 0.25 0.05 0.15 0.05 0.25 0.05 0.05 0.25 0.15 0.25 0.25 0.05 0.25 0.15 0.15 0.25 0.15 0.05 0.05 0.05 0.05 0.25 0.15 0 0.05 0.05 0.15 0.05 
0.25 0.05 0.15 0.25 0.15 0.05 0.05 0.05 0.05 0.15 0.15 0.25 0.25 0.15 0.05 0.05 0.15 0.25 0.25 0.05 0.05 0.05 0.05 0.25 0.15 0.05 0.25 0 0.25 0.05 0.25 
0.05 0.15 0.25 0.05 0.05 0.25 0.05 0.05 0.15 0.05 0.05 0.25 0.25 0.15 0.05 0.25 0.05 0.25 0.25 0.05 0.25 0.05 0.05 0.15 0.05 0.05 0.25 0.25 0 0.05 0.25 
0.25 0.05 0.15 0.15 0.05 0.15 0.25 0.25 0.05 0.05 0.05 0.25 0.15 0.25 0.25 0.15 0.25 0.25 0.25 0.25 0.25 0.25 0.25 0.15 0.15 0.05 0.25 0.25 0.25 0 0.25 
0.25 0.15 0.25 0.25 0.25 0.05 0.25 0.15 0.15 0.25 0.15 0.25 0.15 0.15 0.25 0.15 0.05 0.05 0.25 0.25 0.15 0.15 0.25 0.25 0.25 0.25 0.15 0.05 0.05 0.05 0 
