31
0  0  0 0 0 0 1440
-626900  5108000  6 32 1 15 515
-288003  4845417  3 36 1 5 507
1364100  1376900  1 44 1 7 551
-944400  4527200  8 40 1 8 559
-1406600  2028900  25 31 1 3 595
755900  6142900  3 44 1 10 513
-1250800  5014800  4 37 1 1 522
-456600  6338200  9 45 1 12 502
1400600  1059900  2 33 1 16 612
-2796900  4488100  58 34 1 9 591
-736900  -11537000  3 43 1 14 614
-455500  4450700  19 31 1 19 615
-432194  6512975  38 34 1 2 532
-651959  3153347  2 41 1 12 519
-881900  -10218600  1 31 1 9 542
-1246300  3843900  7 36 0 347 1048
-1066300  1880000  3 36 0 231 1009
-19800  6065900  6 45 0 110 774
-2766900  4188000  7 36 0 274 935
653400  5035800  7 32 0 348 1024
-1886800  1435200  3 39 0 224 919
-325000  4621500  10 41 0 331 1100
-1081200  -9931600  8 42 0 284 949
-1176900  -10911100  3 38 0 372 1096
-60100  6081700  14 33 0 197 863
-597300  3932600  7 45 0 184 893
-787200  2043800  9 41 0 93 845
-1257674  1525486  2 40 0 288 1044
-1906300  3150800  3 32 0 94 764
3400  5393900  12 40 0 288 951
0 0.05 0.15 0.05 0.05 0.25 0.25 0.15 0.15 0.05 0.25 0.05 0.15 0.15 0.05 0.25 0.25 0.25 0.15 0.15 0.05 0.15 0.05 0.25 0.15 0.15 0.15 0.05 0.25 0.25 0.05 
0.15 0 0.25 0.05 0.05 0.15 0.05 0.05 0.25 0.15 0.25 0.25 0.05 0.05 0.05 0.15 0.25 0.05 0.15 0.15 0.15 0.25 0.15 0.15 0.05 0.05 0.25 0.05 0.05 0.15 0.05 
0.25 0.25 0 0.25 0.15 0.15 0.25 0.25 0.15 0.25 0.15 0.25 0.25 0.05 0.25 0.15 0.15 0.05 0.25 0.25 0.15 0.15 0.15 0.05 0.25 0.15 0.25 0.05 0.05 0.05 0.05 
0.15 0.15 0.05 0 0.15 0.05 0.05 0.15 0.25 0.15 0.25 0.15 0.25 0.15 0.25 0.05 0.15 0.15 0.15 0.05 0.25 0.25 0.05 0.05 0.15 0.25 0.05 0.05 0.15 0.05 0.05 
0.05 0.25 0.15 0.05 0 0.25 0.25 0.15 0.15 0.05 0.15 0.05 0.25 0.15 0.25 0.25 0.15 0.05 0.05 0.15 0.15 0.15 0.05 0.25 0.15 0.25 0.05 0.05 0.05 0.25 0.05 
0.15 0.25 0.05 0.25 0.25 0 0.05 0.25 0.05 0.15 0.15 0.15 0.05 0.25 0.15 0.25 0.05 0.15 0.25 0.25 0.05 0.15 0.05 0.05 0.25 0.25 0.15 0.05 0.15 0.05 0.05 
0.05 0.15 0.15 0.05 0.15 0.05 0 0.15 0.05 0.05 0.25 0.05 0.05 0.15 0.25 0.25 0.25 0.15 0.15 0.15 0.25 0.05 0.25 0.15 0.15 0.15 0.15 0.25 0.25 0.25 0.15 
0.05 0.15 0.25 0.05 0.15 0.25 0.05 0 0.15 0.05 0.25 0.05 0.15 0.15 0.25 0.15 0.25 0.05 0.25 0.25 0.15 0.05 0.05 0.25 0.25 0.05 0.25 0.15 0.15 0.25 0.05 
0.05 0.05 0.25 0.25 0.15 0.15 0.05 0.05 0 0.15 0.05 0.25 0.15 0.05 0.05 0.25 0.15 0.25 0.05 0.05 0.25 0.05 0.15 0.25 0.25 0.15 0.15 0.05 0.05 0.05 0.05 
0.05 0.05 0.15 0.05 0.05 0.05 0.05 0.05 0.25 0 0.15 0.15 0.25 0.15 0.15 0.05 0.05 0.15 0.15 0.05 0.15 0.05 0.15 0.05 0.15 0.15 0.05 0.25 0.05 0.25 0.05 
0.05 0.15 0.25 0.05 0.15 0.15 0.15 0.25 0.05 0.15 0 0.05 0.25 0.05 0.25 0.05 0.05 0.05 0.05 0.15 0.05 0.15 0.15 0.05 0.15 0.15 0.25 0.25 0.05 0.05 0.05 
0.05 0.05 0.05 0.15 0.05 0.05 0.25 0.25 0.15 0.25 0.05 0 0.25 0.25 0.05 0.05 0.15 0.05 0.15 0.25 0.15 0.15 0.25 0.25 0.25 0.05 0.05 0.25 0.25 0.15 0.05 
0.15 0.05 0.15 0.25 0.15 0.25 0.15 0.25 0.05 0.05 0.15 0.15 0 0.25 0.05 0.05 0.25 0.25 0.05 0.15 0.05 0.15 0.15 0.15 0.25 0.25 0.25 0.15 0.05 0.05 0.15 
0.05 0.15 0.15 0.15 0.05 0.25 0.15 0.05 0.25 0.15 0.25 0.05 0.05 0 0.25 0.05 0.05 0.25 0.05 0.25 0.05 0.25 0.05 0.25 0.15 0.15 0.15 0.15 0.15 0.05 0.05 
0.25 0.15 0.05 0.05 0.05 0.25 0.15 0.25 0.25 0.15 0.15 0.05 0.05 0.25 0 0.25 0.25 0.05 0.15 0.25 0.15 0.15 0.25 0.05 0.15 0.15 0.25 0.15 0.15 0.25 0.05 
0.15 0.05 0.05 0.25 0.25 0.15 0.25 0.15 0.15 0.15 0.05 0.05 0.15 0.05 0.15 0 0.15 0.15 0.15 0.25 0.25 0.05 0.25 0.15 0.25 0.15 0.25 0.05 0.15 0.15 0.05 
0.05 0.05 0.25 0.15 0.25 0.05 0.15 0.05 0.25 0.25 0.05 0.25 0.15 0.05 0.05 0.05 0 0.05 0.15 0.25 0.15 0.15 0.25 0.15 0.05 0.15 0.05 0.05 0.05 0.25 0.25 
0.15 0.05 0.25 0.05 0.25 0.05 0.25 0.15 0.15 0.25 0.05 0.15 0.15 0.15 0.15 0.15 0.15 0 0.25 0.25 0.25 0.05 0.25 0.25 0.15 0.05 0.05 0.25 0.15 0.15 0.15 
0.25 0.25 0.25 0.25 0.15 0.05 0.15 0.25 0.15 0.05 0.25 0.25 0.05 0.05 0.05 0.15 0.15 0.25 0 0.15 0.15 0.25 0.15 0.15 0.05 0.05 0.05 0.25 0.05 0.05 0.25 
0.15 0.15 0.25 0.15 0.25 0.25 0.25 0.15 0.05 0.25 0.25 0.25 0.05 0.15 0.05 0.15 0.25 0.25 0.25 0 0.15 0.15 0.25 0.25 0.05 0.05 0.25 0.25 0.25 0.25 0.25 
0.15 0.25 0.25 0.15 0.25 0.05 0.05 0.05 0.05 0.25 0.25 0.05 0.05 0.05 0.05 0.15 0.15 0.25 0.25 0.25 0 0.25 0.05 0.15 0.05 0.15 0.15 0.05 0.15 0.15 0.25 
0.15 0.15 0.15 0.15 0.25 0.15 0.15 0.25 0.15 0.15 0.25 0.15 0.25 0.15 0.05 0.25 0.15 0.25 0.05 0.05 0.05 0 0.15 0.15 0.05 0.15 0.25 0.05 0.25 0.25 0.25 
0.15 0.25 0.25 0.15 0.05 0.15 0.25 0.25 0.25 0.15 0.25 0.25 0.25 0.05 0.05 0.25 0.15 0.15 0.05 0.25 0.05 0.05 0 0.25 0.05 0.15 0.15 0.05 0.15 0.05 0.25 
0.15 0.25 0.15 0.25 0.25 0.15 0.25 0.25 0.25 0.25 0.25 0.25 0.05 0.05 0.05 0.15 0.25 0.15 0.05 0.25 0.05 0.25 0.05 0 0.15 0.15 0.25 0.25 0.05 0.25 0.15 
0.15 0.05 0.25 0.25 0.15 0.15 0.15 0.25 0.25 0.25 0.15 0.05 0.15 0.15 0.05 0.25 0.25 0.15 0.05 0.05 0.25 0.05 0.15 0.05 0 0.15 0.05 0.15 0.15 0.15 0.25 
0.15 0.15 0.15 0.25 0.25 0.15 0.25 0.15 0.25 0.15 0.05 0.25 0.25 0.15 0.25 0.25 0.25 0.25 0.25 0.25 0.05 0.05 0.15 0.15 0.15 0 0.15 0.15 0.15 0.15 0.05 
0.15 0.25 0.15 0.25 0.05 0.05 0.25 0.05 0.25 0.25 0.15 0.05 0.25 0.05 0.25 0.05 0.05 0.05 0.05 0.25 0.25 0.15 0.25 0.05 0.25 0.05 0 0.15 0.25 0.05 0.25 
0.15 0.25 0.25 0.25 0.15 0.25 0.25 0.25 0.15 0.25 0.25 0.15 0.25 0.15 0.05 0.05 0.15 0.15 0.15 0.05 0.05 0.15 0.05 0.15 0.05 0.25 0.15 0 0.15 0.15 0.15 
0.05 0.05 0.05 0.15 0.05 0.05 0.15 0.25 0.05 0.25 0.15 0.15 0.05 0.15 0.15 0.25 0.25 0.25 0.15 0.25 0.05 0.15 0.25 0.25 0.25 0.05 0.05 0.15 0 0.25 0.05 
0.25 0.05 0.15 0.05 0.15 0.25 0.15 0.25 0.15 0.05 0.15 0.15 0.25 0.05 0.25 0.25 0.25 0.15 0.05 0.25 0.15 0.15 0.15 0.25 0.05 0.05 0.25 0.15 0.25 0 0.05 
0.15 0.15 0.05 0.15 0.05 0.15 0.15 0.25 0.25 0.25 0.05 0.25 0.15 0.05 0.05 0.25 0.15 0.25 0.15 0.25 0.05 0.05 0.25 0.05 0.25 0.15 0.15 0.15 0.25 0.25 0 
