31
0  0  0 0 0 0 1440
-1633300  1934400  7 42 1 7 548
-1218300  -691700  20 30 1 2 525
1452100  1482600  16 36 1 0 591
-3236900  4333100  6 36 1 5 544
-2706600  4406900  1 37 1 4 515
-1406600  2923000  62 42 1 7 534
643400  373000  18 35 1 2 504
-576600  3971900  7 31 1 7 523
-1185600  -10723200  7 38 1 4 514
-1917200  1483000  2 35 1 7 574
-1304100  4011400  52 33 1 0 595
-3446900  4220000  5 30 1 4 500
-1596600  1790000  6 39 1 2 574
-283800  5551600  3 41 1 8 488
1383600  1519900  3 33 1 0 524
-128000  6365100  5 44 0 322 1057
-876300  -11628100  10 43 0 58 775
-2866900  4376900  6 39 0 140 841
1127300  506400  3 31 0 150 853
-3806900  4111900  6 30 0 360 1029
1700  4335000  7 33 0 161 846
-934700  -11245500  5 42 0 143 832
-636900  4188000  6 42 0 174 907
-2770100  1718800  4 38 0 61 780
-56900  6350000  4 39 0 60 823
-2586900  1761100  1 31 0 68 797
-946700  -11066200  2 40 0 46 727
3400  5393900  12 40 0 378 1107
-901600  -10754500  13 41 0 267 928
-946600  -9785000  10 43 0 181 930
0 0.25 0.05 0.15 0.15 0.05 0.05 0.15 0.05 0.25 0.15 0.25 0.25 0.15 0.05 0.05 0.15 0.15 0.05 0.15 0.05 0.05 0.25 0.25 0.05 0.05 0.05 0.05 0.05 0.15 0.25 
0.15 0 0.15 0.15 0.15 0.15 0.15 0.05 0.15 0.15 0.25 0.15 0.25 0.15 0.15 0.25 0.25 0.25 0.15 0.25 0.25 0.05 0.05 0.05 0.05 0.15 0.05 0.25 0.25 0.05 0.05 
0.15 0.15 0 0.25 0.25 0.15 0.15 0.05 0.05 0.25 0.05 0.25 0.25 0.05 0.25 0.25 0.15 0.15 0.15 0.25 0.15 0.05 0.25 0.05 0.15 0.15 0.25 0.05 0.15 0.05 0.25 
0.05 0.25 0.25 0 0.05 0.05 0.25 0.25 0.15 0.15 0.15 0.15 0.05 0.25 0.05 0.15 0.25 0.05 0.25 0.25 0.05 0.15 0.05 0.05 0.25 0.05 0.25 0.25 0.25 0.25 0.05 
0.05 0.05 0.25 0.15 0 0.15 0.05 0.15 0.05 0.05 0.05 0.05 0.05 0.15 0.05 0.15 0.25 0.15 0.25 0.25 0.15 0.05 0.05 0.05 0.15 0.15 0.15 0.05 0.05 0.15 0.15 
0.25 0.05 0.25 0.25 0.15 0 0.25 0.15 0.15 0.25 0.05 0.05 0.25 0.15 0.15 0.25 0.25 0.25 0.15 0.25 0.15 0.05 0.05 0.15 0.05 0.25 0.25 0.15 0.15 0.05 0.15 
0.05 0.15 0.05 0.25 0.05 0.05 0 0.25 0.05 0.25 0.05 0.05 0.25 0.05 0.15 0.15 0.15 0.05 0.15 0.05 0.25 0.15 0.25 0.25 0.25 0.15 0.25 0.05 0.05 0.25 0.15 
0.25 0.25 0.05 0.15 0.15 0.15 0.15 0 0.25 0.25 0.25 0.05 0.25 0.25 0.05 0.15 0.25 0.25 0.15 0.25 0.05 0.25 0.15 0.25 0.05 0.15 0.05 0.25 0.05 0.05 0.25 
0.15 0.05 0.15 0.05 0.25 0.05 0.25 0.15 0 0.15 0.25 0.15 0.05 0.05 0.25 0.15 0.15 0.05 0.15 0.05 0.25 0.15 0.15 0.25 0.25 0.05 0.15 0.05 0.25 0.15 0.15 
0.15 0.05 0.05 0.15 0.15 0.05 0.15 0.15 0.25 0 0.05 0.05 0.05 0.05 0.05 0.05 0.25 0.25 0.05 0.25 0.15 0.05 0.15 0.15 0.15 0.05 0.05 0.05 0.25 0.25 0.25 
0.25 0.05 0.15 0.05 0.15 0.25 0.15 0.05 0.25 0.25 0 0.15 0.15 0.15 0.05 0.05 0.25 0.25 0.05 0.25 0.25 0.15 0.25 0.05 0.25 0.05 0.15 0.25 0.25 0.05 0.15 
0.15 0.05 0.25 0.25 0.15 0.15 0.15 0.25 0.05 0.05 0.05 0 0.05 0.05 0.15 0.15 0.05 0.25 0.25 0.25 0.25 0.15 0.05 0.05 0.05 0.15 0.15 0.15 0.05 0.15 0.25 
0.05 0.05 0.05 0.25 0.05 0.15 0.05 0.25 0.05 0.25 0.15 0.05 0 0.05 0.05 0.15 0.25 0.25 0.15 0.15 0.25 0.05 0.05 0.05 0.05 0.15 0.15 0.15 0.25 0.15 0.25 
0.25 0.15 0.15 0.05 0.05 0.25 0.25 0.25 0.15 0.15 0.05 0.25 0.25 0 0.05 0.25 0.05 0.05 0.05 0.15 0.25 0.05 0.05 0.25 0.25 0.05 0.05 0.15 0.25 0.05 0.25 
0.15 0.25 0.05 0.15 0.05 0.25 0.05 0.25 0.15 0.25 0.15 0.25 0.05 0.15 0 0.05 0.15 0.05 0.05 0.25 0.05 0.15 0.05 0.25 0.05 0.15 0.25 0.15 0.25 0.15 0.15 
0.15 0.05 0.25 0.15 0.05 0.25 0.05 0.25 0.25 0.15 0.25 0.15 0.15 0.05 0.25 0 0.15 0.25 0.25 0.25 0.25 0.25 0.15 0.15 0.15 0.15 0.05 0.15 0.15 0.15 0.05 
0.05 0.05 0.05 0.15 0.05 0.05 0.05 0.05 0.05 0.05 0.25 0.05 0.25 0.25 0.25 0.15 0 0.15 0.05 0.05 0.25 0.25 0.15 0.25 0.25 0.25 0.25 0.05 0.15 0.05 0.25 
0.05 0.15 0.05 0.25 0.15 0.25 0.25 0.05 0.15 0.25 0.15 0.25 0.25 0.25 0.25 0.25 0.15 0 0.05 0.15 0.05 0.15 0.05 0.05 0.25 0.15 0.15 0.15 0.25 0.25 0.15 
0.15 0.25 0.25 0.05 0.15 0.15 0.15 0.05 0.25 0.05 0.15 0.25 0.05 0.25 0.15 0.25 0.15 0.15 0 0.25 0.05 0.25 0.25 0.15 0.25 0.05 0.05 0.15 0.15 0.05 0.25 
0.25 0.15 0.25 0.25 0.05 0.15 0.05 0.25 0.15 0.05 0.25 0.05 0.15 0.05 0.25 0.15 0.25 0.15 0.15 0 0.15 0.25 0.25 0.15 0.25 0.05 0.25 0.15 0.15 0.15 0.25 
0.15 0.05 0.05 0.25 0.15 0.15 0.15 0.15 0.05 0.15 0.25 0.15 0.25 0.05 0.25 0.15 0.05 0.25 0.15 0.25 0 0.05 0.15 0.15 0.15 0.15 0.05 0.05 0.05 0.25 0.15 
0.25 0.05 0.15 0.05 0.15 0.25 0.15 0.05 0.05 0.25 0.25 0.15 0.15 0.15 0.05 0.25 0.15 0.15 0.15 0.25 0.15 0 0.15 0.15 0.15 0.05 0.15 0.25 0.05 0.25 0.15 
0.25 0.05 0.05 0.05 0.25 0.05 0.25 0.05 0.25 0.05 0.15 0.15 0.05 0.25 0.15 0.15 0.05 0.05 0.15 0.05 0.25 0.15 0 0.05 0.15 0.25 0.05 0.05 0.05 0.25 0.25 
0.25 0.25 0.05 0.25 0.05 0.05 0.15 0.05 0.15 0.15 0.05 0.05 0.25 0.25 0.25 0.25 0.05 0.25 0.05 0.25 0.05 0.15 0.25 0 0.25 0.05 0.05 0.25 0.15 0.15 0.15 
0.15 0.25 0.05 0.15 0.05 0.15 0.15 0.25 0.25 0.05 0.25 0.15 0.05 0.15 0.15 0.05 0.15 0.15 0.25 0.15 0.25 0.25 0.05 0.05 0 0.05 0.15 0.05 0.15 0.25 0.15 
0.05 0.05 0.25 0.05 0.25 0.25 0.25 0.15 0.25 0.15 0.15 0.15 0.15 0.05 0.05 0.15 0.25 0.15 0.25 0.05 0.25 0.25 0.05 0.15 0.05 0 0.15 0.25 0.05 0.25 0.05 
0.15 0.15 0.05 0.05 0.25 0.05 0.25 0.15 0.25 0.25 0.25 0.15 0.15 0.05 0.05 0.25 0.05 0.05 0.25 0.15 0.25 0.25 0.15 0.25 0.05 0.05 0 0.25 0.25 0.15 0.15 
0.05 0.25 0.15 0.05 0.25 0.05 0.15 0.15 0.05 0.05 0.15 0.25 0.25 0.15 0.15 0.15 0.15 0.25 0.05 0.25 0.05 0.15 0.15 0.15 0.15 0.15 0.05 0 0.15 0.15 0.15 
0.25 0.15 0.25 0.05 0.25 0.05 0.15 0.15 0.05 0.25 0.25 0.05 0.15 0.25 0.15 0.15 0.15 0.05 0.25 0.15 0.15 0.15 0.05 0.25 0.15 0.05 0.25 0.05 0 0.15 0.15 
0.05 0.15 0.05 0.15 0.05 0.05 0.05 0.25 0.15 0.25 0.05 0.15 0.05 0.15 0.25 0.05 0.15 0.05 0.05 0.25 0.15 0.25 0.05 0.15 0.05 0.15 0.15 0.25 0.15 0 0.05 
0.05 0.15 0.05 0.15 0.25 0.25 0.25 0.25 0.25 0.15 0.15 0.25 0.25 0.25 0.05 0.15 0.15 0.15 0.15 0.15 0.05 0.15 0.15 0.05 0.25 0.15 0.15 0.25 0.05 0.05 0 
