31
0  0  0 0 0 0 1440
-720400  5952600  2 30 1 1 490
-2632000  3821600  16 33 1 1 502
5685578  4922936  5 37 1 0 590
-86900  6331900  2 45 1 0 600
-2676900  1528900  3 39 1 0 494
-456900  4416100  19 37 1 1 521
-956600  -10873900  45 31 1 1 530
-1029200  1453300  8 41 1 0 490
1127300  506400  3 31 1 0 563
-1005149  -10318037  2 35 1 1 577
53700  5385000  14 45 1 0 598
-500  -148900  4 37 1 0 594
-2036900  1765000  31 44 1 0 521
-1096900  -11470000  6 32 1 0 568
-415800  4259900  3 34 1 1 531
-918900  3915200  3 33 0 105 804
-306600  4093900  10 38 0 353 1126
-2182800  1779600  1 33 0 319 1075
-2136900  1728000  55 30 0 271 1049
-1119500  2581900  2 30 0 103 788
-687100  3548300  26 44 0 408 1165
-126300  4995000  7 33 0 56 743
-481300  4313000  7 34 0 337 1076
-2773000  3968800  17 31 0 226 949
-2866900  4376900  6 39 0 386 1161
113700  -2082700  1 40 0 246 1021
-846600  3876100  5 37 0 261 1007
-896900  -11075000  4 37 0 92 805
-246900  5743000  12 40 0 51 765
805200  593000  22 39 0 80 797
0 0.15 0.05 0.05 0.05 0.05 0.05 0.15 0.15 0.05 0.25 0.15 0.15 0.25 0.15 0.25 0.15 0.15 0.25 0.05 0.05 0.25 0.15 0.05 0.05 0.05 0.15 0.25 0.05 0.05 0.15 
0.25 0 0.05 0.25 0.25 0.15 0.15 0.15 0.25 0.15 0.25 0.25 0.05 0.15 0.05 0.25 0.05 0.15 0.05 0.25 0.05 0.05 0.25 0.15 0.05 0.25 0.25 0.05 0.25 0.15 0.15 
0.05 0.25 0 0.15 0.05 0.15 0.05 0.25 0.15 0.15 0.15 0.15 0.25 0.15 0.25 0.15 0.05 0.05 0.15 0.05 0.05 0.05 0.15 0.05 0.15 0.25 0.15 0.05 0.15 0.05 0.25 
0.15 0.25 0.05 0 0.15 0.15 0.05 0.15 0.25 0.05 0.05 0.15 0.15 0.05 0.15 0.15 0.05 0.05 0.05 0.25 0.25 0.25 0.05 0.15 0.25 0.05 0.15 0.25 0.05 0.15 0.05 
0.15 0.05 0.25 0.15 0 0.15 0.25 0.05 0.25 0.15 0.25 0.25 0.25 0.25 0.05 0.25 0.25 0.05 0.25 0.15 0.15 0.15 0.05 0.05 0.15 0.25 0.25 0.15 0.15 0.15 0.15 
0.15 0.25 0.25 0.05 0.05 0 0.25 0.05 0.25 0.15 0.05 0.15 0.15 0.25 0.15 0.05 0.15 0.25 0.15 0.15 0.25 0.15 0.15 0.05 0.25 0.15 0.05 0.25 0.25 0.15 0.15 
0.05 0.25 0.15 0.25 0.05 0.25 0 0.25 0.05 0.05 0.15 0.05 0.25 0.15 0.05 0.25 0.15 0.15 0.05 0.15 0.15 0.25 0.25 0.25 0.15 0.15 0.25 0.05 0.05 0.15 0.05 
0.25 0.25 0.15 0.25 0.25 0.25 0.25 0 0.15 0.15 0.25 0.05 0.15 0.25 0.25 0.25 0.15 0.05 0.15 0.05 0.15 0.05 0.25 0.25 0.25 0.25 0.15 0.15 0.15 0.25 0.15 
0.15 0.05 0.25 0.05 0.25 0.25 0.05 0.25 0 0.15 0.25 0.25 0.15 0.15 0.05 0.15 0.15 0.15 0.25 0.05 0.15 0.05 0.05 0.05 0.25 0.15 0.15 0.25 0.25 0.25 0.25 
0.15 0.15 0.25 0.05 0.25 0.05 0.25 0.05 0.25 0 0.15 0.15 0.05 0.15 0.05 0.15 0.05 0.05 0.15 0.25 0.15 0.25 0.25 0.05 0.05 0.15 0.15 0.05 0.15 0.05 0.15 
0.05 0.05 0.05 0.25 0.15 0.25 0.25 0.05 0.05 0.25 0 0.25 0.25 0.05 0.15 0.25 0.15 0.25 0.05 0.25 0.15 0.15 0.05 0.25 0.05 0.05 0.15 0.25 0.05 0.25 0.05 
0.05 0.05 0.15 0.05 0.15 0.25 0.25 0.15 0.05 0.05 0.25 0 0.15 0.25 0.05 0.15 0.05 0.05 0.05 0.15 0.15 0.05 0.15 0.15 0.15 0.15 0.25 0.05 0.05 0.25 0.25 
0.25 0.05 0.15 0.05 0.25 0.05 0.25 0.15 0.05 0.25 0.15 0.25 0 0.25 0.25 0.15 0.05 0.15 0.05 0.05 0.25 0.25 0.15 0.05 0.05 0.15 0.15 0.15 0.05 0.25 0.05 
0.05 0.15 0.05 0.15 0.05 0.25 0.15 0.15 0.05 0.05 0.05 0.25 0.05 0 0.15 0.25 0.15 0.05 0.15 0.05 0.25 0.15 0.15 0.15 0.15 0.15 0.15 0.15 0.15 0.05 0.15 
0.15 0.15 0.05 0.05 0.25 0.05 0.05 0.05 0.15 0.25 0.15 0.15 0.05 0.05 0 0.05 0.15 0.15 0.25 0.25 0.25 0.05 0.05 0.05 0.05 0.15 0.25 0.25 0.05 0.05 0.25 
0.25 0.25 0.05 0.25 0.15 0.25 0.15 0.15 0.25 0.05 0.25 0.15 0.05 0.05 0.25 0 0.05 0.15 0.15 0.15 0.05 0.05 0.25 0.05 0.15 0.05 0.25 0.25 0.25 0.15 0.15 
0.15 0.15 0.15 0.05 0.25 0.15 0.15 0.15 0.25 0.25 0.05 0.15 0.25 0.25 0.05 0.05 0 0.15 0.05 0.25 0.15 0.15 0.25 0.05 0.15 0.05 0.25 0.25 0.05 0.05 0.05 
0.25 0.15 0.05 0.25 0.15 0.05 0.25 0.15 0.15 0.05 0.15 0.25 0.25 0.15 0.05 0.25 0.05 0 0.15 0.25 0.05 0.15 0.05 0.05 0.15 0.25 0.05 0.15 0.15 0.05 0.05 
0.15 0.25 0.25 0.05 0.05 0.05 0.05 0.15 0.15 0.15 0.05 0.25 0.25 0.15 0.25 0.15 0.05 0.15 0 0.05 0.25 0.05 0.25 0.05 0.15 0.25 0.05 0.05 0.15 0.25 0.25 
0.15 0.15 0.15 0.05 0.25 0.15 0.15 0.15 0.05 0.05 0.25 0.05 0.25 0.15 0.05 0.05 0.25 0.05 0.25 0 0.25 0.05 0.15 0.15 0.15 0.25 0.25 0.15 0.25 0.25 0.25 
0.15 0.15 0.05 0.15 0.15 0.05 0.15 0.05 0.15 0.05 0.15 0.05 0.05 0.15 0.25 0.15 0.15 0.05 0.05 0.05 0 0.15 0.25 0.25 0.25 0.15 0.05 0.15 0.15 0.25 0.05 
0.05 0.25 0.05 0.15 0.15 0.15 0.05 0.25 0.15 0.15 0.25 0.25 0.15 0.05 0.25 0.25 0.15 0.15 0.05 0.05 0.05 0 0.25 0.05 0.05 0.25 0.25 0.05 0.25 0.25 0.25 
0.05 0.05 0.05 0.25 0.15 0.15 0.05 0.15 0.15 0.15 0.05 0.25 0.15 0.05 0.15 0.05 0.25 0.25 0.05 0.25 0.25 0.15 0 0.05 0.15 0.05 0.25 0.25 0.05 0.25 0.15 
0.05 0.05 0.15 0.15 0.15 0.25 0.05 0.25 0.05 0.15 0.15 0.25 0.25 0.05 0.05 0.05 0.25 0.05 0.15 0.15 0.15 0.05 0.05 0 0.15 0.15 0.25 0.15 0.25 0.25 0.15 
0.05 0.15 0.05 0.25 0.15 0.15 0.25 0.25 0.05 0.25 0.15 0.25 0.05 0.25 0.05 0.05 0.25 0.15 0.25 0.15 0.25 0.05 0.05 0.05 0 0.15 0.25 0.05 0.15 0.25 0.05 
0.25 0.15 0.25 0.25 0.25 0.15 0.15 0.15 0.25 0.05 0.25 0.15 0.15 0.05 0.15 0.15 0.25 0.15 0.15 0.25 0.05 0.25 0.05 0.05 0.25 0 0.25 0.15 0.15 0.25 0.25 
0.15 0.15 0.25 0.25 0.05 0.15 0.15 0.05 0.05 0.15 0.25 0.15 0.05 0.15 0.25 0.05 0.15 0.05 0.25 0.15 0.25 0.05 0.15 0.25 0.15 0.05 0 0.05 0.05 0.25 0.25 
0.25 0.15 0.15 0.15 0.05 0.05 0.15 0.15 0.05 0.15 0.05 0.25 0.15 0.05 0.05 0.15 0.25 0.05 0.05 0.15 0.05 0.25 0.05 0.15 0.15 0.25 0.15 0 0.05 0.25 0.15 
0.25 0.05 0.05 0.25 0.25 0.15 0.25 0.05 0.15 0.15 0.05 0.05 0.15 0.15 0.15 0.15 0.05 0.15 0.25 0.25 0.25 0.15 0.15 0.15 0.05 0.15 0.05 0.25 0 0.25 0.05 
0.25 0.15 0.25 0.25 0.15 0.25 0.25 0.05 0.25 0.25 0.15 0.25 0.25 0.25 0.15 0.25 0.05 0.05 0.25 0.25 0.15 0.05 0.15 0.25 0.15 0.15 0.05 0.15 0.25 0 0.25 
0.15 0.25 0.05 0.15 0.15 0.05 0.15 0.25 0.05 0.25 0.15 0.15 0.25 0.15 0.25 0.25 0.25 0.05 0.05 0.25 0.15 0.05 0.05 0.15 0.05 0.15 0.25 0.25 0.05 0.15 0 
