31
0  0  0 0 0 0 1440
-1924400  3241100  6 43 1 0 558
-924400  5744400  4 41 1 3 596
-1174000  -10744000  3 44 1 1 487
-2897500  1493300  6 40 1 1 588
-1006900  -10693900  4 44 1 2 599
385300  -2322900  6 32 1 4 544
-926900  1860000  1 30 1 1 569
-1963700  1564300  15 34 1 4 569
-2526600  1735000  8 36 1 1 594
-396600  -333100  1 34 1 5 575
-86900  5226900  10 39 1 0 599
-1126600  -10765000  12 31 1 1 509
-2716600  1710000  5 30 1 4 520
-1246300  2688000  14 38 1 0 588
-1447700  3894200  6 36 1 2 494
-9700  6194700  4 37 0 377 1060
-944400  4527200  8 40 0 195 890
1336300  1005300  19 30 0 153 878
-709000  3248700  7 38 0 311 1033
-1029355  1688385  4 37 0 47 818
-1924400  3223000  2 36 0 211 896
39200  5107200  7 42 0 361 1082
-246900  5743000  12 40 0 323 1077
1209500  -2716100  9 30 0 184 870
764900  -456200  35 35 0 174 946
-2556300  1610000  10 37 0 338 1035
-406300  4025000  10 38 0 102 773
-2136900  1658900  6 32 0 214 982
-949900  -10540800  3 40 0 280 973
-554700  3199900  13 31 0 36 718
0 0.15 0.15 0.15 0.25 0.25 0.25 0.05 0.25 0.15 0.05 0.25 0.15 0.15 0.25 0.05 0.05 0.15 0.25 0.15 0.15 0.05 0.25 0.25 0.05 0.15 0.25 0.05 0.05 0.05 0.25 
0.05 0 0.25 0.25 0.15 0.15 0.15 0.25 0.05 0.15 0.05 0.15 0.25 0.25 0.25 0.25 0.15 0.15 0.15 0.05 0.25 0.15 0.25 0.05 0.15 0.15 0.05 0.15 0.05 0.05 0.25 
0.05 0.25 0 0.15 0.05 0.05 0.15 0.05 0.05 0.25 0.15 0.25 0.25 0.05 0.25 0.15 0.15 0.05 0.25 0.15 0.25 0.25 0.25 0.15 0.05 0.05 0.25 0.15 0.15 0.05 0.15 
0.25 0.05 0.25 0 0.15 0.15 0.15 0.15 0.05 0.15 0.25 0.15 0.05 0.15 0.15 0.25 0.15 0.05 0.15 0.15 0.15 0.25 0.25 0.25 0.15 0.25 0.05 0.25 0.15 0.05 0.05 
0.25 0.05 0.25 0.15 0 0.25 0.15 0.05 0.05 0.25 0.25 0.15 0.25 0.15 0.15 0.05 0.25 0.05 0.15 0.25 0.15 0.05 0.15 0.15 0.05 0.05 0.25 0.25 0.05 0.25 0.25 
0.15 0.25 0.05 0.05 0.05 0 0.15 0.15 0.05 0.25 0.25 0.15 0.25 0.25 0.25 0.05 0.25 0.05 0.05 0.05 0.25 0.15 0.15 0.05 0.15 0.05 0.15 0.25 0.15 0.05 0.25 
0.25 0.05 0.25 0.05 0.15 0.05 0 0.25 0.05 0.25 0.15 0.25 0.25 0.25 0.25 0.25 0.15 0.25 0.25 0.05 0.15 0.25 0.15 0.05 0.15 0.15 0.05 0.15 0.25 0.15 0.25 
0.15 0.05 0.25 0.15 0.15 0.05 0.25 0 0.05 0.15 0.15 0.25 0.25 0.25 0.05 0.15 0.05 0.15 0.05 0.05 0.15 0.15 0.25 0.25 0.15 0.15 0.25 0.15 0.25 0.05 0.25 
0.15 0.15 0.25 0.25 0.15 0.05 0.15 0.05 0 0.05 0.25 0.15 0.15 0.15 0.15 0.25 0.15 0.05 0.25 0.25 0.05 0.05 0.25 0.25 0.25 0.25 0.05 0.25 0.25 0.15 0.15 
0.15 0.25 0.25 0.05 0.25 0.15 0.05 0.05 0.15 0 0.05 0.25 0.25 0.05 0.25 0.15 0.15 0.15 0.15 0.25 0.15 0.05 0.05 0.15 0.15 0.15 0.25 0.15 0.15 0.05 0.25 
0.05 0.05 0.25 0.25 0.25 0.25 0.25 0.15 0.15 0.15 0 0.05 0.15 0.15 0.05 0.25 0.15 0.05 0.15 0.15 0.25 0.15 0.15 0.25 0.25 0.05 0.25 0.15 0.05 0.15 0.15 
0.05 0.15 0.05 0.25 0.15 0.05 0.05 0.25 0.15 0.05 0.15 0 0.25 0.25 0.15 0.15 0.05 0.25 0.25 0.15 0.15 0.05 0.15 0.15 0.25 0.05 0.15 0.15 0.15 0.25 0.05 
0.05 0.25 0.25 0.15 0.25 0.05 0.15 0.15 0.25 0.15 0.15 0.15 0 0.15 0.15 0.25 0.05 0.25 0.05 0.05 0.25 0.15 0.25 0.15 0.25 0.25 0.05 0.05 0.25 0.05 0.15 
0.15 0.25 0.15 0.15 0.15 0.15 0.15 0.25 0.25 0.25 0.15 0.05 0.25 0 0.05 0.25 0.25 0.25 0.05 0.25 0.05 0.25 0.05 0.15 0.15 0.15 0.05 0.15 0.05 0.05 0.25 
0.25 0.25 0.05 0.25 0.05 0.25 0.15 0.15 0.05 0.05 0.25 0.25 0.05 0.15 0 0.25 0.25 0.25 0.05 0.15 0.15 0.15 0.05 0.25 0.15 0.05 0.25 0.25 0.15 0.15 0.15 
0.25 0.25 0.05 0.25 0.05 0.05 0.25 0.25 0.15 0.15 0.15 0.05 0.15 0.05 0.05 0 0.05 0.15 0.25 0.05 0.05 0.05 0.25 0.05 0.15 0.25 0.15 0.25 0.25 0.15 0.05 
0.05 0.15 0.05 0.25 0.25 0.25 0.15 0.05 0.25 0.05 0.15 0.25 0.05 0.05 0.05 0.15 0 0.15 0.05 0.15 0.15 0.05 0.15 0.15 0.15 0.25 0.05 0.25 0.05 0.05 0.15 
0.25 0.25 0.05 0.25 0.15 0.25 0.15 0.15 0.15 0.25 0.15 0.05 0.05 0.25 0.05 0.05 0.05 0 0.15 0.15 0.15 0.25 0.05 0.15 0.15 0.15 0.05 0.15 0.15 0.15 0.05 
0.25 0.15 0.15 0.05 0.25 0.05 0.25 0.05 0.05 0.15 0.25 0.15 0.15 0.15 0.05 0.15 0.15 0.25 0 0.15 0.15 0.15 0.15 0.05 0.15 0.25 0.25 0.15 0.25 0.15 0.05 
0.05 0.25 0.25 0.15 0.15 0.25 0.05 0.25 0.05 0.15 0.25 0.15 0.15 0.25 0.25 0.15 0.25 0.25 0.25 0 0.25 0.05 0.05 0.15 0.25 0.15 0.15 0.25 0.15 0.15 0.15 
0.25 0.05 0.05 0.25 0.15 0.05 0.15 0.25 0.15 0.15 0.15 0.15 0.15 0.25 0.15 0.15 0.25 0.05 0.25 0.15 0 0.25 0.05 0.15 0.25 0.15 0.15 0.15 0.05 0.25 0.05 
0.25 0.15 0.25 0.05 0.05 0.05 0.05 0.05 0.05 0.05 0.15 0.05 0.15 0.05 0.15 0.25 0.25 0.15 0.25 0.15 0.05 0 0.15 0.25 0.15 0.05 0.15 0.15 0.05 0.05 0.05 
0.05 0.15 0.25 0.25 0.15 0.15 0.15 0.15 0.15 0.15 0.15 0.05 0.25 0.15 0.05 0.15 0.05 0.15 0.25 0.05 0.05 0.15 0 0.15 0.25 0.25 0.15 0.25 0.15 0.15 0.15 
0.05 0.05 0.25 0.25 0.25 0.25 0.05 0.25 0.05 0.05 0.25 0.15 0.25 0.15 0.25 0.15 0.25 0.25 0.15 0.15 0.25 0.05 0.05 0 0.15 0.25 0.25 0.05 0.15 0.15 0.05 
0.15 0.25 0.25 0.25 0.05 0.25 0.25 0.15 0.15 0.15 0.25 0.25 0.15 0.25 0.15 0.05 0.25 0.05 0.05 0.25 0.15 0.05 0.15 0.25 0 0.05 0.15 0.25 0.05 0.05 0.05 
0.05 0.25 0.05 0.05 0.15 0.15 0.25 0.05 0.05 0.25 0.15 0.25 0.05 0.15 0.25 0.15 0.05 0.25 0.05 0.05 0.25 0.25 0.25 0.25 0.25 0 0.05 0.15 0.05 0.05 0.15 
0.05 0.25 0.25 0.15 0.15 0.25 0.25 0.15 0.05 0.15 0.05 0.25 0.05 0.15 0.15 0.15 0.25 0.15 0.25 0.05 0.05 0.05 0.05 0.25 0.25 0.15 0 0.15 0.15 0.15 0.25 
0.05 0.05 0.15 0.25 0.25 0.25 0.25 0.25 0.15 0.05 0.05 0.15 0.15 0.15 0.15 0.05 0.15 0.25 0.25 0.15 0.15 0.05 0.15 0.15 0.25 0.05 0.15 0 0.25 0.15 0.05 
0.05 0.25 0.25 0.15 0.25 0.15 0.05 0.05 0.05 0.15 0.05 0.05 0.25 0.15 0.15 0.15 0.05 0.15 0.15 0.15 0.05 0.05 0.05 0.15 0.15 0.15 0.25 0.25 0 0.15 0.05 
0.05 0.25 0.15 0.25 0.15 0.25 0.25 0.15 0.05 0.25 0.15 0.25 0.25 0.05 0.25 0.15 0.15 0.15 0.25 0.25 0.25 0.25 0.05 0.05 0.25 0.05 0.25 0.15 0.15 0 0.15 
0.25 0.15 0.15 0.25 0.05 0.15 0.05 0.15 0.15 0.25 0.15 0.15 0.15 0.05 0.05 0.25 0.15 0.05 0.15 0.05 0.15 0.05 0.05 0.15 0.25 0.15 0.15 0.05 0.05 0.25 0 
