31
0  0  0 0 0 0 1440
-1009200  5748200  16 36 1 12 583
-1447700  3894200  6 36 1 4 591
-321900  4034200  16 33 1 5 549
-19800  6065900  6 45 1 10 498
-45500  4225500  9 30 1 18 522
-2009900  1581300  4 30 1 0 515
-1906300  3241100  6 37 1 5 528
-906900  -9818100  6 35 1 10 551
-246900  5743000  12 40 1 10 551
-2206900  1525000  15 30 1 4 600
1235400  892100  8 35 1 15 520
-393200  4103100  4 40 1 11 532
-711800  3813500  8 36 1 12 563
-216300  4968900  1 36 1 15 521
-1216300  1597400  14 32 1 18 582
-125200  6249900  15 39 0 238 943
-1052700  1872800  91 42 0 74 766
-66900  6373900  15 43 0 296 969
-1265500  1505000  12 39 0 125 800
-436900  4366100  1 39 0 119 894
-2816600  4326900  6 40 0 267 984
-186600  6456900  2 34 0 96 805
-1924400  3223000  2 36 0 239 1002
3400  5393900  12 40 0 161 917
-66900  4685000  16 34 0 73 817
-306600  4093900  10 38 0 61 833
-676600  -11622000  8 37 0 222 919
-756600  3226100  3 45 0 290 1051
-3548900  4074400  12 30 0 312 983
-930800  2938100  15 31 0 85 745
0 0.05 0.25 0.15 0.25 0.05 0.05 0.25 0.15 0.25 0.25 0.15 0.05 0.15 0.05 0.15 0.15 0.25 0.25 0.05 0.15 0.15 0.25 0.05 0.25 0.05 0.25 0.05 0.15 0.05 0.25 
0.25 0 0.15 0.15 0.05 0.25 0.15 0.05 0.25 0.25 0.25 0.25 0.15 0.05 0.15 0.25 0.25 0.05 0.05 0.15 0.25 0.05 0.25 0.15 0.25 0.25 0.25 0.25 0.15 0.05 0.25 
0.25 0.25 0 0.25 0.15 0.05 0.05 0.15 0.15 0.25 0.15 0.15 0.05 0.25 0.05 0.25 0.25 0.15 0.25 0.25 0.05 0.05 0.15 0.05 0.25 0.15 0.15 0.25 0.15 0.25 0.05 
0.25 0.15 0.25 0 0.05 0.15 0.25 0.05 0.15 0.05 0.15 0.15 0.25 0.25 0.05 0.15 0.15 0.05 0.15 0.15 0.25 0.25 0.05 0.25 0.15 0.15 0.05 0.25 0.15 0.05 0.25 
0.25 0.25 0.15 0.15 0 0.15 0.15 0.05 0.25 0.05 0.15 0.25 0.05 0.15 0.05 0.05 0.05 0.05 0.15 0.25 0.05 0.15 0.25 0.25 0.25 0.05 0.15 0.05 0.05 0.05 0.15 
0.05 0.05 0.05 0.15 0.05 0 0.25 0.05 0.25 0.15 0.05 0.15 0.05 0.15 0.05 0.15 0.15 0.05 0.15 0.05 0.15 0.25 0.05 0.05 0.05 0.15 0.25 0.25 0.15 0.15 0.15 
0.15 0.05 0.25 0.15 0.15 0.25 0 0.25 0.05 0.15 0.15 0.05 0.05 0.25 0.25 0.15 0.05 0.05 0.15 0.05 0.25 0.15 0.25 0.25 0.15 0.05 0.15 0.15 0.15 0.05 0.05 
0.25 0.25 0.25 0.25 0.25 0.05 0.25 0 0.15 0.15 0.05 0.25 0.25 0.25 0.25 0.25 0.15 0.25 0.25 0.05 0.05 0.25 0.15 0.15 0.05 0.05 0.05 0.05 0.25 0.25 0.15 
0.15 0.05 0.25 0.25 0.15 0.05 0.15 0.15 0 0.15 0.25 0.15 0.25 0.15 0.15 0.25 0.15 0.25 0.15 0.25 0.25 0.15 0.05 0.05 0.25 0.15 0.15 0.25 0.15 0.05 0.05 
0.25 0.25 0.15 0.15 0.15 0.15 0.05 0.05 0.15 0 0.05 0.05 0.05 0.05 0.05 0.15 0.15 0.15 0.25 0.25 0.05 0.05 0.25 0.15 0.15 0.15 0.05 0.05 0.15 0.05 0.15 
0.25 0.25 0.25 0.25 0.15 0.25 0.05 0.15 0.05 0.25 0 0.25 0.15 0.05 0.25 0.25 0.15 0.05 0.05 0.15 0.05 0.05 0.25 0.25 0.25 0.25 0.15 0.25 0.05 0.25 0.05 
0.25 0.05 0.15 0.25 0.05 0.05 0.05 0.25 0.05 0.05 0.05 0 0.15 0.05 0.15 0.05 0.05 0.25 0.25 0.15 0.25 0.05 0.15 0.05 0.15 0.05 0.05 0.25 0.05 0.05 0.25 
0.05 0.05 0.15 0.05 0.25 0.05 0.25 0.15 0.15 0.25 0.25 0.15 0 0.15 0.05 0.25 0.15 0.15 0.15 0.25 0.25 0.15 0.15 0.25 0.05 0.25 0.25 0.15 0.05 0.25 0.25 
0.05 0.15 0.15 0.25 0.25 0.25 0.05 0.05 0.05 0.25 0.05 0.15 0.05 0 0.15 0.15 0.15 0.25 0.05 0.25 0.25 0.25 0.15 0.15 0.05 0.15 0.15 0.15 0.15 0.25 0.15 
0.15 0.05 0.05 0.15 0.05 0.15 0.25 0.05 0.25 0.15 0.05 0.25 0.25 0.25 0 0.05 0.05 0.25 0.15 0.05 0.25 0.25 0.15 0.05 0.05 0.25 0.15 0.25 0.15 0.05 0.05 
0.25 0.05 0.15 0.25 0.15 0.05 0.05 0.05 0.05 0.25 0.25 0.05 0.05 0.15 0.05 0 0.05 0.15 0.25 0.25 0.05 0.25 0.05 0.25 0.05 0.25 0.05 0.05 0.15 0.15 0.15 
0.25 0.05 0.05 0.05 0.15 0.15 0.05 0.05 0.15 0.05 0.15 0.05 0.05 0.25 0.15 0.05 0 0.25 0.25 0.15 0.05 0.25 0.25 0.15 0.25 0.15 0.15 0.15 0.15 0.15 0.25 
0.05 0.05 0.15 0.05 0.15 0.05 0.25 0.25 0.15 0.15 0.25 0.15 0.25 0.15 0.15 0.25 0.25 0 0.15 0.05 0.25 0.15 0.05 0.05 0.15 0.25 0.25 0.05 0.25 0.05 0.05 
0.25 0.15 0.25 0.15 0.05 0.15 0.25 0.25 0.25 0.25 0.25 0.05 0.05 0.05 0.05 0.25 0.25 0.15 0 0.25 0.15 0.25 0.15 0.05 0.15 0.05 0.05 0.15 0.25 0.15 0.15 
0.15 0.05 0.15 0.05 0.25 0.05 0.05 0.15 0.25 0.05 0.25 0.15 0.05 0.15 0.05 0.15 0.05 0.05 0.25 0 0.05 0.25 0.15 0.05 0.25 0.25 0.15 0.15 0.15 0.05 0.25 
0.15 0.15 0.05 0.05 0.05 0.25 0.25 0.15 0.05 0.15 0.05 0.25 0.15 0.15 0.25 0.15 0.05 0.25 0.05 0.15 0 0.05 0.25 0.05 0.05 0.25 0.15 0.25 0.25 0.05 0.15 
0.15 0.05 0.05 0.05 0.05 0.25 0.05 0.15 0.05 0.05 0.25 0.05 0.15 0.15 0.25 0.15 0.05 0.15 0.25 0.15 0.15 0 0.15 0.25 0.25 0.25 0.25 0.15 0.15 0.05 0.15 
0.25 0.15 0.15 0.25 0.05 0.15 0.05 0.05 0.25 0.25 0.05 0.25 0.15 0.05 0.05 0.15 0.05 0.25 0.05 0.15 0.15 0.25 0 0.25 0.05 0.15 0.25 0.15 0.25 0.15 0.15 
0.15 0.05 0.25 0.15 0.15 0.25 0.15 0.15 0.15 0.15 0.15 0.15 0.05 0.15 0.15 0.15 0.05 0.25 0.15 0.05 0.25 0.25 0.05 0 0.15 0.15 0.15 0.25 0.05 0.05 0.15 
0.05 0.15 0.25 0.15 0.15 0.25 0.05 0.05 0.25 0.05 0.25 0.05 0.05 0.15 0.25 0.15 0.25 0.15 0.05 0.05 0.25 0.25 0.05 0.25 0 0.05 0.15 0.05 0.25 0.05 0.25 
0.25 0.25 0.05 0.25 0.15 0.05 0.05 0.15 0.25 0.15 0.25 0.15 0.25 0.15 0.05 0.05 0.15 0.25 0.15 0.15 0.25 0.05 0.05 0.25 0.15 0 0.05 0.15 0.05 0.15 0.25 
0.25 0.25 0.15 0.15 0.15 0.25 0.15 0.15 0.15 0.15 0.25 0.25 0.05 0.15 0.25 0.25 0.15 0.05 0.15 0.25 0.25 0.25 0.05 0.25 0.15 0.05 0 0.15 0.25 0.05 0.05 
0.25 0.05 0.05 0.15 0.25 0.05 0.15 0.25 0.25 0.15 0.05 0.25 0.05 0.15 0.15 0.05 0.05 0.15 0.25 0.25 0.05 0.25 0.05 0.15 0.05 0.15 0.15 0 0.05 0.25 0.05 
0.15 0.25 0.15 0.25 0.05 0.25 0.25 0.05 0.05 0.25 0.05 0.15 0.15 0.25 0.05 0.05 0.15 0.25 0.15 0.05 0.05 0.25 0.05 0.05 0.05 0.25 0.25 0.05 0 0.05 0.15 
0.15 0.05 0.25 0.05 0.05 0.05 0.15 0.15 0.15 0.15 0.15 0.15 0.05 0.15 0.15 0.05 0.15 0.25 0.05 0.05 0.05 0.25 0.05 0.15 0.25 0.15 0.05 0.25 0.25 0 0.05 
0.15 0.15 0.25 0.25 0.25 0.05 0.05 0.15 0.25 0.05 0.25 0.25 0.25 0.15 0.15 0.25 0.25 0.15 0.25 0.25 0.05 0.15 0.05 0.15 0.25 0.25 0.15 0.25 0.05 0.25 0 
