31
0  0  0 0 0 0 1440
-2536000  1384200  10 44 1 13 586
-946600  -11273100  2 41 1 5 598
1372000  530000  16 41 1 4 601
-636900  4101900  23 41 1 9 489
-456900  4668000  105 38 1 14 526
-904500  -10109600  4 33 1 12 556
-1176900  -10911100  3 38 1 14 598
-586700  3926700  3 40 1 3 566
-686300  3510000  11 38 1 4 499
1364100  -5227900  4 35 1 16 496
-210100  4696400  8 36 1 7 515
-1305900  2872600  14 38 1 6 522
-2638400  1562700  1 36 1 14 600
-1356900  -10483900  4 44 1 16 540
-216300  4968900  1 36 1 1 577
-96600  -725000  4 42 0 108 791
-1114000  -10876600  6 39 0 127 862
-106600  5702200  6 31 0 93 821
-1307200  4028300  5 43 0 124 827
-1925400  1749100  7 31 0 403 1114
-721600  3509400  27 43 0 458 1190
-206600  4596900  6 32 0 216 906
-1031800  -11170200  21 30 0 255 947
-1917700  3245000  7 41 0 383 1148
-3298600  4641300  4 32 0 282 969
-388800  6190900  2 45 0 414 1168
-1267200  3145000  6 35 0 273 991
-1186900  1666100  2 32 0 65 773
363400  -878100  8 41 0 335 1078
972800  635000  6 31 0 169 860
0 0.25 0.05 0.05 0.15 0.05 0.15 0.05 0.05 0.25 0.15 0.05 0.25 0.25 0.15 0.15 0.05 0.05 0.25 0.15 0.05 0.25 0.15 0.15 0.15 0.15 0.15 0.25 0.15 0.25 0.15 
0.15 0 0.05 0.15 0.05 0.25 0.15 0.25 0.05 0.25 0.25 0.15 0.15 0.05 0.05 0.25 0.05 0.15 0.05 0.25 0.15 0.15 0.25 0.05 0.15 0.15 0.05 0.15 0.05 0.05 0.05 
0.05 0.15 0 0.05 0.25 0.05 0.25 0.15 0.15 0.15 0.15 0.15 0.15 0.05 0.25 0.25 0.15 0.05 0.15 0.25 0.25 0.25 0.25 0.25 0.15 0.15 0.05 0.15 0.25 0.05 0.05 
0.15 0.05 0.05 0 0.15 0.15 0.05 0.25 0.15 0.25 0.25 0.25 0.15 0.15 0.25 0.15 0.05 0.25 0.15 0.15 0.05 0.15 0.15 0.25 0.15 0.15 0.05 0.25 0.15 0.25 0.05 
0.05 0.25 0.05 0.15 0 0.05 0.25 0.15 0.25 0.15 0.15 0.25 0.25 0.05 0.15 0.05 0.15 0.25 0.15 0.15 0.05 0.25 0.25 0.15 0.25 0.15 0.05 0.25 0.25 0.15 0.05 
0.15 0.15 0.15 0.15 0.05 0 0.05 0.25 0.15 0.25 0.05 0.05 0.05 0.25 0.15 0.05 0.15 0.05 0.25 0.05 0.15 0.25 0.25 0.05 0.05 0.05 0.05 0.25 0.25 0.15 0.15 
0.05 0.05 0.25 0.05 0.15 0.05 0 0.05 0.15 0.25 0.15 0.05 0.05 0.25 0.25 0.15 0.15 0.15 0.05 0.15 0.15 0.15 0.25 0.25 0.15 0.25 0.15 0.15 0.05 0.05 0.15 
0.05 0.05 0.05 0.25 0.05 0.25 0.25 0 0.15 0.15 0.25 0.15 0.25 0.05 0.05 0.25 0.05 0.25 0.15 0.05 0.25 0.25 0.05 0.25 0.25 0.15 0.15 0.25 0.05 0.25 0.15 
0.25 0.05 0.15 0.15 0.05 0.05 0.25 0.05 0 0.25 0.05 0.15 0.15 0.15 0.25 0.15 0.15 0.05 0.05 0.15 0.15 0.25 0.15 0.05 0.05 0.05 0.15 0.05 0.15 0.15 0.15 
0.05 0.05 0.05 0.25 0.25 0.05 0.25 0.25 0.25 0 0.15 0.25 0.25 0.05 0.25 0.05 0.05 0.05 0.25 0.25 0.25 0.05 0.05 0.05 0.05 0.05 0.15 0.25 0.05 0.25 0.05 
0.05 0.25 0.05 0.25 0.05 0.25 0.15 0.25 0.25 0.05 0 0.05 0.25 0.05 0.15 0.25 0.25 0.15 0.05 0.05 0.05 0.15 0.25 0.25 0.25 0.15 0.25 0.05 0.25 0.15 0.05 
0.15 0.15 0.05 0.25 0.05 0.05 0.15 0.15 0.25 0.25 0.25 0 0.15 0.15 0.05 0.15 0.25 0.15 0.05 0.05 0.05 0.05 0.25 0.25 0.15 0.15 0.25 0.15 0.15 0.05 0.15 
0.25 0.15 0.15 0.15 0.25 0.25 0.15 0.05 0.25 0.25 0.15 0.15 0 0.05 0.05 0.25 0.15 0.25 0.05 0.25 0.25 0.25 0.25 0.25 0.05 0.05 0.15 0.05 0.05 0.15 0.15 
0.05 0.25 0.15 0.05 0.05 0.25 0.15 0.25 0.25 0.15 0.15 0.25 0.25 0 0.05 0.25 0.25 0.25 0.05 0.25 0.15 0.15 0.05 0.05 0.25 0.25 0.25 0.15 0.05 0.05 0.15 
0.05 0.05 0.15 0.25 0.25 0.25 0.25 0.05 0.05 0.25 0.25 0.15 0.15 0.05 0 0.05 0.05 0.05 0.05 0.15 0.15 0.15 0.05 0.15 0.15 0.15 0.05 0.25 0.05 0.15 0.05 
0.05 0.15 0.05 0.25 0.25 0.05 0.25 0.25 0.25 0.25 0.05 0.15 0.25 0.25 0.15 0 0.15 0.05 0.15 0.05 0.15 0.05 0.25 0.25 0.15 0.15 0.05 0.05 0.25 0.25 0.15 
0.25 0.15 0.15 0.15 0.05 0.15 0.25 0.25 0.25 0.05 0.05 0.05 0.15 0.25 0.15 0.05 0 0.15 0.05 0.05 0.25 0.15 0.15 0.25 0.25 0.05 0.15 0.05 0.05 0.15 0.05 
0.05 0.25 0.15 0.15 0.25 0.05 0.25 0.15 0.05 0.25 0.15 0.15 0.25 0.25 0.15 0.05 0.25 0 0.05 0.25 0.05 0.05 0.05 0.05 0.25 0.25 0.05 0.05 0.15 0.05 0.05 
0.25 0.15 0.15 0.15 0.05 0.15 0.15 0.15 0.25 0.25 0.25 0.15 0.15 0.05 0.25 0.05 0.05 0.15 0 0.15 0.15 0.05 0.05 0.25 0.25 0.15 0.25 0.15 0.05 0.05 0.25 
0.15 0.05 0.05 0.05 0.05 0.25 0.15 0.15 0.15 0.15 0.25 0.25 0.15 0.25 0.05 0.25 0.05 0.25 0.25 0 0.25 0.25 0.05 0.05 0.15 0.15 0.25 0.15 0.15 0.05 0.25 
0.25 0.25 0.25 0.15 0.25 0.15 0.25 0.15 0.05 0.15 0.25 0.05 0.25 0.25 0.05 0.15 0.25 0.05 0.05 0.25 0 0.25 0.25 0.15 0.25 0.25 0.15 0.15 0.25 0.15 0.05 
0.25 0.25 0.05 0.15 0.15 0.25 0.15 0.15 0.25 0.15 0.25 0.05 0.15 0.25 0.05 0.15 0.15 0.25 0.15 0.25 0.25 0 0.15 0.05 0.15 0.05 0.25 0.05 0.15 0.15 0.15 
0.05 0.05 0.05 0.15 0.25 0.15 0.15 0.15 0.25 0.05 0.05 0.25 0.05 0.15 0.25 0.05 0.15 0.05 0.25 0.05 0.15 0.05 0 0.15 0.05 0.05 0.25 0.15 0.05 0.25 0.25 
0.15 0.15 0.15 0.05 0.05 0.15 0.15 0.15 0.15 0.15 0.15 0.25 0.15 0.15 0.05 0.05 0.05 0.25 0.25 0.15 0.05 0.25 0.05 0 0.15 0.25 0.15 0.15 0.05 0.25 0.05 
0.05 0.25 0.15 0.25 0.15 0.15 0.15 0.25 0.15 0.05 0.25 0.25 0.25 0.05 0.05 0.05 0.25 0.25 0.05 0.15 0.25 0.25 0.05 0.15 0 0.15 0.05 0.15 0.15 0.05 0.15 
0.15 0.15 0.15 0.05 0.25 0.15 0.05 0.25 0.05 0.05 0.05 0.05 0.15 0.15 0.15 0.05 0.05 0.25 0.25 0.25 0.05 0.25 0.15 0.25 0.25 0 0.15 0.25 0.05 0.25 0.25 
0.15 0.25 0.15 0.25 0.05 0.25 0.25 0.25 0.25 0.05 0.25 0.15 0.15 0.05 0.05 0.25 0.05 0.25 0.25 0.25 0.25 0.05 0.05 0.25 0.15 0.15 0 0.15 0.15 0.15 0.05 
0.25 0.25 0.05 0.25 0.05 0.15 0.15 0.05 0.05 0.15 0.05 0.15 0.05 0.15 0.05 0.25 0.05 0.15 0.15 0.05 0.05 0.25 0.25 0.25 0.15 0.15 0.05 0 0.05 0.05 0.15 
0.05 0.15 0.25 0.05 0.25 0.25 0.15 0.25 0.05 0.25 0.05 0.05 0.05 0.05 0.15 0.15 0.15 0.15 0.05 0.25 0.25 0.25 0.25 0.25 0.15 0.25 0.25 0.25 0 0.05 0.05 
0.05 0.05 0.05 0.05 0.25 0.25 0.25 0.15 0.25 0.15 0.05 0.25 0.25 0.05 0.15 0.15 0.05 0.05 0.05 0.25 0.25 0.25 0.15 0.15 0.05 0.15 0.15 0.25 0.15 0 0.15 
0.05 0.15 0.15 0.15 0.25 0.15 0.15 0.25 0.15 0.15 0.25 0.25 0.15 0.15 0.05 0.05 0.25 0.05 0.15 0.25 0.05 0.05 0.05 0.05 0.05 0.05 0.15 0.15 0.05 0.15 0 
