31
0  0  0 0 0 0 1440
-2676900  1596900  8 39 1 3 579
-1906300  3168900  2 42 1 5 502
1106700  567200  17 43 1 5 528
-2816600  4326900  6 40 1 5 563
-2308248  2323767  6 35 1 5 514
-776300  3970000  10 33 1 1 534
-846600  3876100  5 37 1 5 551
-873900  5622800  7 31 1 6 490
-1267200  3145000  6 35 1 5 573
241900  -8755400  8 30 1 0 579
-106600  5702200  6 31 1 4 545
-1465000  2815300  5 37 1 5 583
-476600  5858900  33 38 1 5 590
-956600  -10873900  45 31 1 6 529
700600  -103300  23 44 1 5 506
827200  889700  14 42 0 302 1008
-1126900  -11227300  7 30 0 202 916
1134600  160200  4 32 0 277 966
-1307200  4028300  5 43 0 181 954
-406300  5965000  19 32 0 225 992
-55500  6266700  13 30 0 310 978
-1246300  3843900  7 36 0 258 928
-2186300  1595000  2 34 0 335 1004
-711800  3813500  8 36 0 196 956
1101500  1054000  20 30 0 320 1011
-226300  5885000  7 43 0 277 992
-776300  3245000  2 30 0 130 836
-366900  3825000  5 43 0 132 858
-63900  6251500  1 33 0 280 1045
-738900  6544700  8 30 0 355 1099
0 0.15 0.05 0.25 0.05 0.25 0.15 0.25 0.15 0.15 0.05 0.15 0.15 0.25 0.25 0.05 0.05 0.05 0.15 0.15 0.25 0.05 0.25 0.05 0.25 0.25 0.25 0.05 0.05 0.25 0.05 
0.15 0 0.25 0.25 0.15 0.15 0.05 0.25 0.15 0.25 0.15 0.05 0.25 0.15 0.15 0.15 0.05 0.25 0.15 0.15 0.15 0.15 0.05 0.15 0.05 0.05 0.05 0.05 0.15 0.25 0.05 
0.25 0.15 0 0.05 0.25 0.05 0.15 0.25 0.15 0.05 0.15 0.05 0.15 0.05 0.05 0.05 0.15 0.05 0.15 0.25 0.05 0.15 0.15 0.25 0.05 0.05 0.25 0.15 0.25 0.05 0.25 
0.05 0.25 0.15 0 0.05 0.25 0.05 0.25 0.05 0.15 0.15 0.25 0.05 0.15 0.15 0.25 0.15 0.15 0.05 0.15 0.15 0.05 0.15 0.25 0.25 0.15 0.25 0.05 0.25 0.15 0.15 
0.05 0.05 0.25 0.05 0 0.05 0.25 0.05 0.25 0.15 0.25 0.05 0.15 0.05 0.05 0.25 0.25 0.25 0.15 0.25 0.25 0.15 0.15 0.15 0.25 0.25 0.25 0.25 0.15 0.05 0.05 
0.15 0.15 0.25 0.05 0.25 0 0.05 0.05 0.05 0.05 0.05 0.15 0.15 0.05 0.15 0.25 0.15 0.05 0.05 0.25 0.25 0.25 0.25 0.15 0.25 0.25 0.25 0.05 0.15 0.05 0.05 
0.05 0.15 0.05 0.05 0.25 0.25 0 0.15 0.15 0.15 0.05 0.15 0.25 0.15 0.05 0.15 0.25 0.15 0.05 0.15 0.15 0.05 0.05 0.15 0.05 0.25 0.15 0.25 0.15 0.05 0.05 
0.05 0.15 0.25 0.15 0.25 0.15 0.15 0 0.05 0.25 0.25 0.25 0.25 0.15 0.25 0.25 0.05 0.05 0.15 0.25 0.25 0.25 0.15 0.15 0.05 0.05 0.25 0.25 0.15 0.05 0.15 
0.25 0.25 0.15 0.25 0.05 0.25 0.05 0.25 0 0.05 0.05 0.25 0.25 0.25 0.05 0.15 0.05 0.25 0.05 0.25 0.05 0.25 0.15 0.25 0.15 0.15 0.25 0.05 0.25 0.15 0.05 
0.05 0.25 0.15 0.05 0.25 0.15 0.05 0.05 0.05 0 0.15 0.15 0.05 0.15 0.25 0.05 0.25 0.05 0.15 0.15 0.25 0.05 0.25 0.05 0.25 0.05 0.05 0.15 0.25 0.15 0.05 
0.25 0.15 0.15 0.05 0.15 0.05 0.25 0.25 0.05 0.25 0 0.05 0.15 0.05 0.05 0.25 0.05 0.05 0.05 0.05 0.05 0.15 0.25 0.15 0.25 0.15 0.05 0.15 0.25 0.25 0.25 
0.05 0.25 0.15 0.25 0.25 0.25 0.15 0.05 0.25 0.05 0.15 0 0.15 0.05 0.05 0.25 0.05 0.15 0.15 0.05 0.05 0.15 0.05 0.25 0.15 0.05 0.25 0.05 0.25 0.25 0.15 
0.25 0.15 0.15 0.05 0.25 0.05 0.25 0.15 0.25 0.25 0.25 0.15 0 0.15 0.05 0.05 0.05 0.25 0.25 0.25 0.05 0.05 0.15 0.25 0.05 0.05 0.05 0.05 0.05 0.15 0.25 
0.25 0.15 0.05 0.25 0.25 0.15 0.15 0.05 0.05 0.05 0.25 0.15 0.15 0 0.05 0.15 0.15 0.15 0.25 0.05 0.05 0.05 0.15 0.05 0.05 0.25 0.05 0.05 0.05 0.05 0.25 
0.05 0.25 0.25 0.05 0.25 0.15 0.25 0.05 0.15 0.05 0.25 0.05 0.25 0.05 0 0.05 0.25 0.25 0.15 0.25 0.15 0.15 0.05 0.05 0.25 0.05 0.15 0.05 0.25 0.15 0.25 
0.05 0.15 0.25 0.15 0.25 0.05 0.15 0.25 0.25 0.25 0.25 0.25 0.15 0.15 0.15 0 0.05 0.05 0.15 0.15 0.15 0.05 0.25 0.15 0.15 0.25 0.05 0.15 0.15 0.05 0.05 
0.05 0.15 0.25 0.25 0.25 0.25 0.25 0.25 0.15 0.05 0.05 0.25 0.15 0.15 0.25 0.15 0 0.15 0.25 0.15 0.15 0.15 0.05 0.05 0.05 0.25 0.15 0.25 0.05 0.15 0.05 
0.05 0.15 0.25 0.25 0.05 0.25 0.15 0.15 0.05 0.25 0.05 0.25 0.15 0.05 0.15 0.15 0.05 0 0.15 0.25 0.15 0.05 0.05 0.05 0.25 0.15 0.25 0.05 0.25 0.25 0.05 
0.25 0.05 0.05 0.15 0.05 0.15 0.25 0.15 0.15 0.05 0.05 0.05 0.25 0.05 0.05 0.15 0.25 0.15 0 0.05 0.15 0.05 0.25 0.05 0.05 0.15 0.15 0.25 0.05 0.15 0.25 
0.15 0.15 0.15 0.15 0.05 0.05 0.05 0.25 0.15 0.25 0.05 0.15 0.05 0.15 0.25 0.05 0.25 0.05 0.05 0 0.15 0.15 0.15 0.15 0.15 0.25 0.05 0.05 0.25 0.05 0.05 
0.15 0.15 0.05 0.25 0.15 0.05 0.25 0.25 0.15 0.05 0.15 0.15 0.25 0.05 0.15 0.05 0.15 0.25 0.15 0.05 0 0.05 0.25 0.25 0.15 0.05 0.05 0.25 0.15 0.05 0.25 
0.05 0.15 0.15 0.25 0.15 0.25 0.25 0.15 0.05 0.15 0.15 0.05 0.05 0.25 0.25 0.25 0.15 0.25 0.25 0.25 0.25 0 0.25 0.15 0.25 0.15 0.15 0.05 0.05 0.25 0.25 
0.15 0.05 0.25 0.05 0.25 0.15 0.15 0.05 0.15 0.15 0.05 0.15 0.15 0.05 0.25 0.15 0.05 0.25 0.15 0.25 0.05 0.05 0 0.25 0.05 0.25 0.15 0.25 0.05 0.15 0.05 
0.15 0.25 0.25 0.15 0.25 0.05 0.25 0.15 0.25 0.15 0.15 0.25 0.05 0.15 0.05 0.05 0.15 0.05 0.15 0.05 0.25 0.15 0.15 0 0.25 0.05 0.25 0.25 0.25 0.25 0.05 
0.15 0.25 0.15 0.15 0.25 0.15 0.15 0.15 0.15 0.25 0.25 0.15 0.25 0.05 0.25 0.05 0.05 0.05 0.25 0.25 0.15 0.05 0.15 0.15 0 0.15 0.05 0.05 0.25 0.25 0.15 
0.25 0.25 0.15 0.15 0.05 0.15 0.15 0.15 0.05 0.15 0.15 0.15 0.25 0.05 0.05 0.05 0.25 0.15 0.15 0.15 0.05 0.15 0.15 0.25 0.05 0 0.15 0.15 0.05 0.05 0.25 
0.05 0.25 0.25 0.05 0.15 0.05 0.05 0.25 0.05 0.25 0.05 0.05 0.05 0.05 0.15 0.05 0.05 0.15 0.15 0.25 0.05 0.25 0.25 0.15 0.25 0.15 0 0.15 0.15 0.15 0.15 
0.25 0.25 0.05 0.25 0.05 0.05 0.05 0.15 0.15 0.05 0.15 0.25 0.15 0.15 0.15 0.15 0.05 0.15 0.25 0.15 0.05 0.25 0.15 0.05 0.05 0.05 0.05 0 0.25 0.15 0.05 
0.25 0.15 0.05 0.15 0.05 0.15 0.15 0.05 0.25 0.25 0.05 0.15 0.15 0.25 0.25 0.05 0.15 0.15 0.25 0.15 0.05 0.25 0.05 0.25 0.05 0.05 0.25 0.15 0 0.25 0.25 
0.05 0.25 0.05 0.15 0.05 0.15 0.25 0.15 0.05 0.05 0.15 0.15 0.25 0.25 0.05 0.05 0.05 0.25 0.15 0.15 0.05 0.15 0.05 0.25 0.25 0.25 0.25 0.15 0.15 0 0.05 
0.15 0.15 0.15 0.05 0.05 0.25 0.15 0.15 0.25 0.25 0.05 0.05 0.15 0.15 0.25 0.05 0.05 0.05 0.25 0.05 0.25 0.05 0.15 0.25 0.25 0.25 0.25 0.15 0.25 0.15 0 
