21
0  0  0 0 0 0 1440
-1267200  1519400  8 39 1 8 556
385300  -2322900  6 32 1 7 555
-498481  4090041  9 36 1 4 495
-617800  -11757000  8 36 1 2 497
-1906300  3241100  6 37 1 6 539
864100  127000  11 39 1 9 513
-491843  5733083  2 44 1 1 564
-3286600  4283900  2 38 1 5 575
-1118000  -10659700  9 34 1 3 554
-1267200  3145000  6 35 1 1 499
-1283300  3280400  14 40 0 140 815
-366900  4500000  12 44 0 42 742
-1363100  -10465200  3 40 0 228 945
-237200  4701100  3 36 0 371 1034
-1917700  3245000  7 41 0 324 1031
-1095000  1429700  4 36 0 198 978
-1306100  4046700  3 38 0 71 767
653400  5035800  7 32 0 245 944
-386600  6276900  8 31 0 281 1013
-918400  5662000  3 31 0 136 825
0 0.15 0.05 0.25 0.05 0.15 0.15 0.05 0.25 0.25 0.05 0.15 0.05 0.05 0.15 0.05 0.25 0.05 0.05 0.05 0.05 
0.05 0 0.15 0.25 0.05 0.25 0.05 0.15 0.05 0.05 0.05 0.05 0.05 0.05 0.05 0.15 0.25 0.15 0.15 0.25 0.15 
0.25 0.25 0 0.25 0.15 0.25 0.15 0.25 0.05 0.05 0.15 0.15 0.05 0.15 0.05 0.05 0.05 0.25 0.25 0.05 0.25 
0.05 0.05 0.25 0 0.15 0.05 0.25 0.15 0.15 0.25 0.15 0.25 0.25 0.05 0.15 0.25 0.25 0.15 0.25 0.15 0.25 
0.25 0.05 0.25 0.05 0 0.25 0.25 0.25 0.25 0.15 0.05 0.05 0.15 0.25 0.05 0.05 0.15 0.05 0.05 0.05 0.15 
0.15 0.05 0.25 0.15 0.25 0 0.05 0.25 0.05 0.15 0.15 0.25 0.05 0.15 0.05 0.15 0.15 0.15 0.25 0.05 0.05 
0.25 0.05 0.15 0.05 0.15 0.25 0 0.05 0.15 0.25 0.25 0.15 0.05 0.25 0.25 0.15 0.15 0.15 0.05 0.05 0.15 
0.15 0.25 0.25 0.05 0.15 0.25 0.05 0 0.25 0.15 0.15 0.15 0.25 0.05 0.15 0.25 0.05 0.05 0.25 0.25 0.25 
0.15 0.05 0.15 0.15 0.05 0.05 0.15 0.15 0 0.05 0.05 0.25 0.15 0.15 0.05 0.15 0.05 0.05 0.25 0.25 0.15 
0.25 0.25 0.15 0.05 0.15 0.25 0.25 0.15 0.25 0 0.15 0.05 0.05 0.05 0.05 0.05 0.15 0.25 0.25 0.15 0.25 
0.05 0.05 0.05 0.05 0.05 0.05 0.15 0.25 0.05 0.15 0 0.15 0.05 0.25 0.05 0.15 0.05 0.15 0.25 0.25 0.05 
0.15 0.25 0.05 0.15 0.25 0.15 0.15 0.05 0.25 0.25 0.25 0 0.05 0.05 0.15 0.15 0.15 0.25 0.15 0.05 0.05 
0.15 0.05 0.15 0.25 0.05 0.25 0.05 0.05 0.05 0.05 0.25 0.05 0 0.15 0.25 0.05 0.25 0.15 0.25 0.25 0.25 
0.25 0.15 0.05 0.05 0.15 0.05 0.05 0.15 0.15 0.15 0.25 0.05 0.15 0 0.25 0.05 0.05 0.25 0.25 0.25 0.05 
0.05 0.15 0.05 0.15 0.15 0.25 0.15 0.05 0.05 0.15 0.15 0.25 0.05 0.05 0 0.05 0.15 0.05 0.15 0.25 0.25 
0.15 0.25 0.15 0.25 0.25 0.25 0.25 0.15 0.25 0.05 0.15 0.05 0.05 0.15 0.25 0 0.15 0.25 0.15 0.15 0.25 
0.25 0.05 0.15 0.15 0.05 0.15 0.05 0.05 0.25 0.25 0.25 0.05 0.05 0.25 0.15 0.15 0 0.05 0.05 0.05 0.05 
0.15 0.05 0.15 0.05 0.05 0.15 0.05 0.05 0.15 0.05 0.05 0.05 0.05 0.05 0.15 0.25 0.05 0 0.15 0.25 0.25 
0.25 0.05 0.05 0.25 0.25 0.05 0.05 0.15 0.15 0.15 0.05 0.15 0.15 0.25 0.15 0.15 0.25 0.05 0 0.05 0.15 
0.25 0.15 0.25 0.05 0.25 0.25 0.25 0.05 0.25 0.25 0.25 0.25 0.15 0.15 0.15 0.15 0.25 0.15 0.05 0 0.25 
0.15 0.05 0.05 0.15 0.25 0.25 0.05 0.25 0.15 0.15 0.05 0.15 0.25 0.25 0.05 0.05 0.15 0.25 0.05 0.05 0 
