21
0  0  0 0 0 0 1440
-2896600  1466900  3 33 1 1 507
920400  213900  50 43 1 3 504
-914300  5754700  2 40 1 3 483
-1308800  4023600  28 31 1 2 546
-266900  -533900  75 42 1 6 498
-977200  1740000  6 40 1 4 487
-981100  -11393100  6 44 1 4 578
-1924400  3241100  6 43 1 5 548
-544800  3946300  4 38 1 6 604
-536900  6323900  9 37 1 0 529
-709000  3248700  7 38 0 233 939
-1176900  2685000  20 35 0 405 1164
-156900  6458000  13 34 0 150 830
-1412100  2703900  3 41 0 350 1110
-318100  -2804400  128 36 0 92 818
-2008600  1585800  13 43 0 110 819
-66900  6373900  15 43 0 165 932
-1126600  -10765000  12 31 0 332 1107
-1086900  -10507000  8 36 0 375 1127
-3806900  4111900  6 30 0 299 1017
0 0.15 0.15 0.25 0.25 0.05 0.15 0.05 0.15 0.15 0.15 0.05 0.15 0.25 0.25 0.25 0.05 0.25 0.05 0.25 0.05 
0.25 0 0.25 0.15 0.05 0.25 0.05 0.25 0.25 0.05 0.15 0.05 0.25 0.05 0.25 0.05 0.15 0.15 0.15 0.25 0.15 
0.25 0.25 0 0.25 0.15 0.25 0.05 0.25 0.25 0.15 0.05 0.15 0.25 0.15 0.25 0.15 0.25 0.15 0.15 0.15 0.25 
0.15 0.15 0.05 0 0.25 0.25 0.05 0.05 0.05 0.05 0.15 0.15 0.15 0.25 0.15 0.15 0.25 0.15 0.15 0.25 0.05 
0.25 0.15 0.25 0.25 0 0.05 0.15 0.05 0.05 0.25 0.05 0.05 0.05 0.15 0.15 0.05 0.15 0.05 0.15 0.25 0.15 
0.25 0.15 0.15 0.25 0.25 0 0.15 0.05 0.15 0.25 0.15 0.05 0.15 0.25 0.25 0.25 0.15 0.15 0.25 0.05 0.25 
0.25 0.25 0.25 0.05 0.15 0.25 0 0.05 0.25 0.25 0.05 0.25 0.25 0.25 0.25 0.15 0.15 0.15 0.05 0.25 0.15 
0.25 0.05 0.25 0.05 0.15 0.15 0.05 0 0.05 0.15 0.25 0.15 0.25 0.05 0.15 0.05 0.05 0.05 0.25 0.15 0.05 
0.15 0.25 0.15 0.25 0.25 0.15 0.25 0.15 0 0.05 0.05 0.05 0.25 0.15 0.25 0.25 0.05 0.15 0.15 0.25 0.05 
0.05 0.05 0.05 0.25 0.15 0.15 0.15 0.05 0.05 0 0.15 0.15 0.25 0.05 0.15 0.05 0.05 0.05 0.25 0.05 0.15 
0.05 0.15 0.15 0.05 0.25 0.15 0.05 0.15 0.25 0.15 0 0.25 0.25 0.15 0.15 0.15 0.05 0.05 0.15 0.25 0.05 
0.15 0.25 0.05 0.15 0.05 0.05 0.25 0.05 0.25 0.15 0.25 0 0.05 0.15 0.05 0.15 0.15 0.15 0.15 0.15 0.25 
0.05 0.05 0.15 0.25 0.25 0.05 0.05 0.15 0.15 0.15 0.25 0.25 0 0.25 0.25 0.25 0.15 0.15 0.25 0.15 0.15 
0.25 0.25 0.25 0.25 0.25 0.15 0.15 0.15 0.25 0.25 0.05 0.15 0.25 0 0.25 0.05 0.05 0.15 0.25 0.25 0.25 
0.15 0.15 0.25 0.25 0.05 0.15 0.05 0.25 0.25 0.15 0.15 0.25 0.25 0.05 0 0.15 0.25 0.15 0.15 0.05 0.15 
0.25 0.25 0.25 0.15 0.05 0.05 0.15 0.15 0.15 0.15 0.25 0.25 0.25 0.15 0.25 0 0.15 0.15 0.25 0.15 0.15 
0.15 0.05 0.25 0.25 0.05 0.15 0.15 0.25 0.15 0.05 0.05 0.15 0.15 0.05 0.15 0.05 0 0.05 0.15 0.25 0.15 
0.25 0.15 0.05 0.05 0.25 0.05 0.05 0.15 0.05 0.15 0.25 0.15 0.05 0.25 0.15 0.15 0.15 0 0.25 0.25 0.25 
0.15 0.25 0.25 0.15 0.25 0.05 0.05 0.15 0.15 0.25 0.15 0.25 0.15 0.05 0.25 0.25 0.15 0.25 0 0.05 0.05 
0.15 0.05 0.05 0.25 0.15 0.15 0.05 0.05 0.25 0.15 0.25 0.15 0.15 0.05 0.15 0.05 0.05 0.25 0.25 0 0.25 
0.05 0.25 0.15 0.05 0.15 0.05 0.15 0.25 0.15 0.05 0.05 0.25 0.05 0.25 0.15 0.15 0.15 0.15 0.05 0.25 0 
