21
0  0  0 0 0 0 1440
-1009200  5748200  16 36 1 0 490
-1167200  3895800  14 31 1 6 565
799800  70300  14 45 1 3 485
-76900  5165000  18 41 1 8 541
-596900  3919100  77 43 1 7 531
-2816600  4326900  6 40 1 1 501
1240600  890000  15 42 1 6 595
-1086900  1625000  25 31 1 2 575
-1924400  3205000  2 41 1 8 530
1101500  1054000  20 30 1 2 586
-2715327  1513603  1 42 0 263 1010
-2632000  3821600  16 33 0 159 819
-949900  -10540800  3 40 0 187 880
-32000  4325400  17 35 0 142 894
-1305900  2872600  14 38 0 62 832
-1053800  -11077300  2 35 0 157 831
-1060200  -10600800  18 34 0 284 962
-1447900  2594600  3 39 0 153 914
-1096900  -10533100  11 30 0 140 822
-554700  3199900  13 31 0 143 856
0 0.05 0.05 0.05 0.25 0.25 0.05 0.15 0.05 0.05 0.05 0.25 0.05 0.15 0.15 0.15 0.25 0.15 0.15 0.25 0.05 
0.25 0 0.15 0.25 0.25 0.25 0.25 0.15 0.05 0.05 0.05 0.25 0.25 0.05 0.25 0.15 0.25 0.05 0.15 0.15 0.05 
0.15 0.05 0 0.05 0.05 0.25 0.05 0.05 0.15 0.15 0.25 0.15 0.25 0.05 0.25 0.15 0.05 0.05 0.05 0.25 0.25 
0.05 0.05 0.05 0 0.05 0.15 0.25 0.05 0.05 0.15 0.15 0.25 0.15 0.25 0.15 0.25 0.15 0.05 0.15 0.05 0.15 
0.25 0.05 0.25 0.15 0 0.15 0.15 0.05 0.15 0.05 0.25 0.15 0.15 0.05 0.05 0.05 0.25 0.05 0.25 0.05 0.15 
0.25 0.15 0.15 0.25 0.25 0 0.25 0.15 0.05 0.25 0.25 0.25 0.05 0.15 0.15 0.05 0.15 0.05 0.15 0.25 0.05 
0.15 0.25 0.25 0.15 0.25 0.15 0 0.25 0.15 0.15 0.05 0.15 0.25 0.25 0.25 0.15 0.05 0.15 0.15 0.05 0.25 
0.15 0.05 0.05 0.05 0.05 0.05 0.15 0 0.05 0.25 0.15 0.05 0.25 0.15 0.15 0.15 0.05 0.25 0.15 0.25 0.05 
0.05 0.25 0.25 0.15 0.15 0.05 0.05 0.05 0 0.15 0.25 0.25 0.05 0.25 0.25 0.15 0.15 0.05 0.25 0.25 0.15 
0.25 0.05 0.25 0.25 0.05 0.05 0.25 0.25 0.05 0 0.25 0.05 0.25 0.05 0.25 0.25 0.15 0.05 0.25 0.25 0.15 
0.15 0.15 0.25 0.15 0.15 0.05 0.25 0.15 0.25 0.15 0 0.25 0.15 0.15 0.15 0.05 0.15 0.25 0.25 0.15 0.15 
0.05 0.05 0.15 0.25 0.15 0.25 0.25 0.25 0.25 0.25 0.05 0 0.25 0.05 0.15 0.15 0.25 0.25 0.25 0.15 0.25 
0.05 0.25 0.15 0.05 0.25 0.15 0.25 0.15 0.05 0.05 0.15 0.15 0 0.25 0.05 0.05 0.25 0.05 0.25 0.15 0.25 
0.25 0.15 0.05 0.25 0.15 0.15 0.15 0.05 0.05 0.05 0.15 0.25 0.05 0 0.25 0.25 0.05 0.05 0.25 0.15 0.15 
0.25 0.25 0.25 0.05 0.05 0.25 0.15 0.25 0.25 0.15 0.05 0.05 0.25 0.15 0 0.25 0.25 0.25 0.15 0.05 0.05 
0.15 0.15 0.15 0.25 0.05 0.05 0.15 0.25 0.05 0.25 0.05 0.25 0.05 0.05 0.15 0 0.05 0.05 0.15 0.05 0.25 
0.15 0.25 0.15 0.25 0.05 0.15 0.25 0.15 0.15 0.05 0.05 0.05 0.15 0.05 0.05 0.15 0 0.15 0.25 0.05 0.25 
0.15 0.15 0.05 0.15 0.15 0.15 0.05 0.25 0.15 0.25 0.25 0.25 0.25 0.15 0.15 0.25 0.15 0 0.15 0.25 0.25 
0.05 0.15 0.05 0.05 0.15 0.05 0.15 0.05 0.05 0.15 0.25 0.05 0.05 0.05 0.15 0.15 0.05 0.25 0 0.05 0.05 
0.15 0.25 0.15 0.15 0.25 0.25 0.05 0.25 0.15 0.15 0.05 0.15 0.15 0.15 0.15 0.25 0.15 0.25 0.15 0 0.15 
0.25 0.05 0.05 0.05 0.25 0.25 0.15 0.25 0.25 0.25 0.15 0.05 0.15 0.25 0.15 0.05 0.05 0.25 0.25 0.25 0 
