21
0  0  0 0 0 0 1440
33100  5620000  9 34 1 12 546
-706300  -11507200  25 44 1 13 529
1362800  -2985300  9 40 1 2 519
-2186300  1595000  2 34 1 8 543
-1416700  1556800  6 41 1 0 526
-1399700  1484200  9 38 1 13 612
-1052700  1872800  91 42 1 23 539
-666600  3316900  53 36 1 22 535
-2644100  1544200  4 34 1 4 526
-304000  5881200  9 40 1 2 541
-1046600  3078900  7 37 0 306 1008
-1397195  -10320082  1 41 0 237 921
-938300  2883300  11 42 0 233 906
-1146600  -10603100  4 32 0 148 837
1201100  -5138100  8 35 0 229 928
-316300  -991100  45 44 0 72 784
-1218300  -691700  20 30 0 104 863
-15000  4245300  12 37 0 132 798
414500  -179500  12 40 0 92 862
592300  351900  25 32 0 68 770
0 0.25 0.25 0.25 0.25 0.05 0.05 0.25 0.15 0.05 0.15 0.05 0.25 0.25 0.15 0.05 0.05 0.05 0.25 0.05 0.25 
0.25 0 0.15 0.15 0.05 0.15 0.15 0.25 0.15 0.05 0.15 0.15 0.25 0.15 0.05 0.25 0.15 0.25 0.25 0.05 0.15 
0.25 0.25 0 0.15 0.25 0.25 0.15 0.25 0.25 0.25 0.05 0.15 0.05 0.05 0.15 0.05 0.05 0.25 0.05 0.05 0.25 
0.25 0.15 0.25 0 0.15 0.15 0.15 0.15 0.05 0.15 0.25 0.25 0.15 0.05 0.05 0.25 0.15 0.25 0.05 0.15 0.25 
0.05 0.05 0.25 0.25 0 0.25 0.15 0.25 0.05 0.25 0.25 0.05 0.15 0.15 0.25 0.05 0.25 0.25 0.15 0.05 0.25 
0.15 0.05 0.15 0.25 0.05 0 0.05 0.15 0.15 0.05 0.05 0.05 0.25 0.25 0.05 0.05 0.25 0.05 0.15 0.25 0.25 
0.05 0.05 0.25 0.25 0.05 0.25 0 0.15 0.25 0.05 0.25 0.25 0.05 0.05 0.25 0.05 0.15 0.15 0.25 0.15 0.25 
0.05 0.15 0.05 0.15 0.25 0.15 0.15 0 0.05 0.15 0.15 0.25 0.15 0.15 0.05 0.25 0.25 0.15 0.25 0.15 0.25 
0.05 0.05 0.25 0.25 0.25 0.05 0.15 0.25 0 0.25 0.25 0.05 0.15 0.25 0.25 0.25 0.05 0.05 0.25 0.15 0.15 
0.25 0.25 0.05 0.05 0.15 0.15 0.05 0.05 0.05 0 0.25 0.25 0.25 0.25 0.25 0.15 0.25 0.05 0.25 0.15 0.15 
0.15 0.05 0.25 0.05 0.25 0.15 0.25 0.05 0.25 0.25 0 0.05 0.05 0.05 0.25 0.15 0.25 0.05 0.05 0.25 0.25 
0.15 0.05 0.15 0.15 0.15 0.05 0.25 0.05 0.05 0.05 0.25 0 0.15 0.15 0.15 0.15 0.25 0.25 0.15 0.25 0.05 
0.05 0.05 0.15 0.05 0.25 0.25 0.25 0.15 0.15 0.25 0.15 0.25 0 0.05 0.25 0.05 0.25 0.15 0.25 0.05 0.25 
0.05 0.15 0.25 0.05 0.05 0.25 0.15 0.05 0.05 0.15 0.25 0.15 0.15 0 0.05 0.05 0.15 0.25 0.25 0.25 0.15 
0.15 0.25 0.05 0.05 0.15 0.15 0.25 0.05 0.15 0.05 0.05 0.15 0.15 0.15 0 0.25 0.05 0.25 0.15 0.15 0.25 
0.15 0.25 0.25 0.25 0.05 0.15 0.05 0.25 0.15 0.15 0.25 0.05 0.05 0.25 0.15 0 0.05 0.15 0.15 0.25 0.25 
0.05 0.15 0.25 0.15 0.15 0.15 0.05 0.05 0.05 0.25 0.25 0.15 0.05 0.25 0.15 0.15 0 0.05 0.25 0.05 0.05 
0.25 0.25 0.15 0.05 0.25 0.15 0.15 0.15 0.15 0.05 0.05 0.25 0.05 0.15 0.15 0.15 0.05 0 0.05 0.05 0.05 
0.25 0.05 0.05 0.25 0.25 0.15 0.15 0.25 0.05 0.05 0.25 0.15 0.05 0.05 0.05 0.25 0.15 0.25 0 0.25 0.05 
0.25 0.15 0.05 0.15 0.25 0.15 0.15 0.05 0.05 0.15 0.05 0.15 0.05 0.15 0.15 0.05 0.15 0.15 0.15 0 0.15 
0.15 0.15 0.25 0.25 0.05 0.25 0.05 0.15 0.15 0.05 0.15 0.05 0.15 0.25 0.25 0.25 0.25 0.25 0.05 0.25 0 
