21
0  0  0 0 0 0 1440
-2823600  4378000  3 31 1 1 488
-86900  5226900  10 39 1 1 548
-1231100  3095500  13 34 1 3 522
-28400  -501900  15 38 1 1 551
-1016900  4460000  4 33 1 5 494
-1012200  -10535000  3 31 1 0 584
-432194  6512975  38 34 1 1 495
-406300  4025000  10 38 1 1 514
-2659400  1645500  5 34 1 4 538
-427200  -9480000  6 35 1 1 499
-842700  6643300  20 35 0 89 772
1422100  1008500  4 39 0 311 1052
-1908000  3150600  7 37 0 106 773
-396600  -333100  1 34 0 396 1176
-706300  -11507200  25 44 0 116 850
-508000  4082200  9 37 0 270 1011
-1212200  2791400  11 32 0 280 996
-2076600  1650000  21 41 0 175 925
-543132  5544461  13 31 0 247 983
-2955600  4014900  4 33 0 239 947
0 0.15 0.15 0.25 0.25 0.05 0.05 0.25 0.25 0.05 0.15 0.15 0.05 0.15 0.25 0.25 0.25 0.15 0.05 0.05 0.25 
0.15 0 0.25 0.25 0.05 0.15 0.25 0.05 0.15 0.15 0.25 0.05 0.15 0.25 0.25 0.05 0.15 0.25 0.15 0.25 0.15 
0.05 0.15 0 0.25 0.25 0.05 0.25 0.25 0.25 0.05 0.05 0.05 0.15 0.15 0.15 0.25 0.05 0.05 0.05 0.15 0.25 
0.05 0.15 0.05 0 0.25 0.25 0.15 0.05 0.25 0.05 0.25 0.05 0.25 0.25 0.25 0.25 0.05 0.25 0.05 0.15 0.25 
0.15 0.25 0.25 0.25 0 0.05 0.15 0.15 0.15 0.25 0.05 0.15 0.05 0.25 0.15 0.05 0.05 0.05 0.15 0.05 0.05 
0.25 0.25 0.15 0.15 0.25 0 0.15 0.15 0.25 0.15 0.25 0.15 0.25 0.25 0.05 0.15 0.15 0.25 0.05 0.25 0.05 
0.25 0.25 0.15 0.05 0.05 0.15 0 0.05 0.15 0.05 0.25 0.05 0.25 0.05 0.25 0.15 0.15 0.15 0.05 0.15 0.05 
0.05 0.15 0.05 0.25 0.15 0.05 0.15 0 0.15 0.15 0.25 0.25 0.15 0.15 0.25 0.15 0.05 0.25 0.15 0.15 0.15 
0.25 0.15 0.15 0.05 0.15 0.15 0.15 0.25 0 0.05 0.25 0.15 0.05 0.15 0.05 0.05 0.25 0.15 0.15 0.05 0.05 
0.25 0.25 0.15 0.15 0.15 0.05 0.05 0.25 0.15 0 0.15 0.05 0.15 0.15 0.05 0.05 0.15 0.15 0.15 0.15 0.05 
0.25 0.15 0.05 0.25 0.05 0.05 0.05 0.05 0.05 0.25 0 0.05 0.05 0.15 0.15 0.25 0.25 0.25 0.15 0.25 0.15 
0.05 0.15 0.15 0.25 0.05 0.25 0.25 0.25 0.15 0.15 0.05 0 0.25 0.15 0.05 0.05 0.05 0.25 0.25 0.25 0.25 
0.25 0.15 0.25 0.05 0.15 0.15 0.05 0.15 0.15 0.15 0.25 0.15 0 0.15 0.25 0.15 0.15 0.15 0.05 0.05 0.15 
0.05 0.15 0.05 0.05 0.05 0.25 0.05 0.25 0.25 0.15 0.05 0.25 0.15 0 0.25 0.15 0.05 0.25 0.25 0.25 0.15 
0.15 0.05 0.25 0.15 0.05 0.05 0.25 0.05 0.05 0.25 0.05 0.15 0.25 0.05 0 0.25 0.15 0.15 0.25 0.05 0.15 
0.15 0.15 0.15 0.25 0.05 0.15 0.15 0.25 0.25 0.15 0.15 0.15 0.05 0.25 0.15 0 0.25 0.25 0.05 0.25 0.15 
0.05 0.15 0.15 0.25 0.15 0.25 0.05 0.25 0.25 0.05 0.05 0.15 0.05 0.15 0.05 0.25 0 0.25 0.25 0.15 0.15 
0.25 0.25 0.05 0.05 0.15 0.15 0.15 0.25 0.25 0.15 0.05 0.25 0.05 0.15 0.15 0.05 0.15 0 0.15 0.05 0.25 
0.15 0.05 0.05 0.05 0.05 0.15 0.25 0.05 0.15 0.05 0.15 0.25 0.25 0.05 0.15 0.15 0.05 0.15 0 0.05 0.05 
0.25 0.15 0.05 0.05 0.25 0.05 0.15 0.05 0.15 0.15 0.25 0.25 0.15 0.15 0.15 0.15 0.25 0.05 0.05 0 0.15 
0.15 0.05 0.15 0.15 0.25 0.15 0.05 0.15 0.15 0.15 0.15 0.25 0.05 0.15 0.15 0.15 0.25 0.15 0.25 0.25 0 
