21
0  0  0 0 0 0 1440
63700  5393900  28 39 1 11 499
-1060200  -11058600  13 33 1 30 561
39200  5107200  7 42 1 38 634
-145400  5549500  19 38 1 16 534
53700  5435000  6 42 1 23 540
-55500  6266700  13 30 1 23 510
-1715000  4244300  47 41 1 45 634
-562200  3920000  22 38 1 47 537
-620800  -11705200  1 41 1 31 540
-51800  6454600  27 30 1 20 588
960800  -572500  2 39 0 209 988
-56900  4938000  8 42 0 92 769
-946600  -11273100  2 41 0 259 1012
-30600  -146100  48 36 0 200 978
109700  -815200  8 42 0 326 1071
-4076900  3683000  13 34 0 123 839
529400  -1232100  6 34 0 85 861
-893200  4200  8 43 0 293 1042
-2136900  1528000  4 43 0 162 915
-26600  5423000  10 41 0 117 846
0 0.15 0.25 0.25 0.25 0.05 0.25 0.05 0.05 0.15 0.05 0.25 0.05 0.05 0.05 0.05 0.25 0.15 0.15 0.15 0.05 
0.05 0 0.15 0.25 0.05 0.05 0.05 0.25 0.15 0.15 0.05 0.25 0.15 0.15 0.25 0.25 0.05 0.15 0.25 0.05 0.25 
0.15 0.05 0 0.05 0.05 0.15 0.15 0.25 0.15 0.15 0.15 0.05 0.05 0.05 0.15 0.15 0.05 0.25 0.05 0.15 0.05 
0.15 0.25 0.15 0 0.25 0.05 0.15 0.25 0.15 0.05 0.25 0.25 0.25 0.05 0.05 0.15 0.15 0.15 0.15 0.05 0.25 
0.25 0.25 0.15 0.05 0 0.15 0.15 0.15 0.25 0.15 0.15 0.05 0.25 0.05 0.15 0.25 0.15 0.15 0.05 0.15 0.05 
0.15 0.25 0.15 0.25 0.25 0 0.05 0.25 0.25 0.15 0.25 0.15 0.25 0.25 0.05 0.15 0.15 0.05 0.25 0.15 0.15 
0.05 0.05 0.25 0.25 0.05 0.15 0 0.25 0.25 0.15 0.15 0.25 0.25 0.05 0.05 0.15 0.05 0.15 0.15 0.25 0.25 
0.25 0.15 0.05 0.05 0.15 0.25 0.15 0 0.25 0.15 0.05 0.05 0.15 0.15 0.25 0.05 0.15 0.05 0.15 0.05 0.15 
0.15 0.15 0.15 0.25 0.15 0.25 0.15 0.25 0 0.15 0.05 0.25 0.05 0.05 0.25 0.05 0.05 0.25 0.05 0.05 0.25 
0.15 0.15 0.05 0.25 0.05 0.05 0.15 0.15 0.05 0 0.15 0.15 0.15 0.25 0.15 0.25 0.05 0.15 0.25 0.15 0.05 
0.25 0.15 0.25 0.05 0.15 0.25 0.15 0.15 0.25 0.05 0 0.05 0.25 0.05 0.25 0.05 0.05 0.15 0.15 0.15 0.25 
0.05 0.05 0.25 0.05 0.15 0.05 0.25 0.05 0.25 0.15 0.05 0 0.15 0.05 0.25 0.25 0.15 0.05 0.15 0.25 0.25 
0.15 0.25 0.05 0.05 0.15 0.25 0.15 0.05 0.15 0.05 0.05 0.15 0 0.05 0.25 0.25 0.15 0.25 0.25 0.25 0.05 
0.25 0.15 0.05 0.05 0.05 0.25 0.05 0.15 0.15 0.15 0.15 0.15 0.15 0 0.25 0.25 0.15 0.05 0.05 0.05 0.25 
0.15 0.25 0.15 0.05 0.25 0.25 0.15 0.05 0.05 0.25 0.15 0.15 0.05 0.15 0 0.05 0.25 0.25 0.05 0.25 0.25 
0.05 0.15 0.05 0.05 0.15 0.05 0.15 0.05 0.15 0.25 0.15 0.25 0.05 0.25 0.15 0 0.05 0.05 0.05 0.25 0.05 
0.05 0.25 0.05 0.05 0.25 0.05 0.25 0.05 0.15 0.05 0.25 0.25 0.05 0.15 0.05 0.25 0 0.05 0.05 0.05 0.15 
0.05 0.15 0.15 0.05 0.05 0.25 0.15 0.05 0.25 0.15 0.15 0.25 0.05 0.05 0.05 0.05 0.15 0 0.25 0.05 0.15 
0.25 0.25 0.05 0.15 0.05 0.25 0.25 0.05 0.25 0.25 0.25 0.25 0.15 0.25 0.15 0.25 0.15 0.25 0 0.05 0.25 
0.25 0.15 0.25 0.15 0.05 0.25 0.25 0.25 0.15 0.15 0.25 0.25 0.15 0.05 0.25 0.05 0.05 0.15 0.05 0 0.15 
0.05 0.05 0.15 0.25 0.25 0.25 0.25 0.05 0.15 0.05 0.15 0.15 0.05 0.05 0.25 0.25 0.15 0.25 0.25 0.05 0 
