21
0  0  0 0 0 0 1440
-635200  5938300  9 35 1 0 547
-2403800  1514000  8 43 1 0 513
-2358400  1518400  11 32 1 1 529
-17500  -128300  56 42 1 0 549
-330800  4362200  7 38 1 0 552
-1586600  1793000  9 33 1 0 557
-1715000  4244300  47 41 1 0 561
-1236600  4790000  7 35 1 0 579
1306200  783700  27 34 1 0 521
-1096900  -10533100  11 30 1 0 523
-327200  4750000  107 31 0 155 903
1101500  1054000  20 30 0 96 870
-536900  5180000  7 37 0 371 1149
432500  -215600  10 30 0 297 977
-1336786  4060918  3 40 0 368 1103
-2897500  1493300  6 40 0 237 913
-246900  -418100  5 32 0 209 937
-86900  5226900  10 39 0 175 880
-96600  -725000  4 42 0 139 848
-516600  5001600  28 40 0 291 1004
0 0.05 0.05 0.15 0.05 0.05 0.05 0.15 0.15 0.05 0.25 0.15 0.05 0.25 0.15 0.05 0.25 0.05 0.15 0.15 0.15 
0.05 0 0.15 0.15 0.05 0.15 0.25 0.25 0.05 0.15 0.15 0.05 0.25 0.15 0.25 0.25 0.15 0.05 0.15 0.05 0.05 
0.25 0.15 0 0.05 0.25 0.15 0.15 0.05 0.15 0.25 0.05 0.05 0.05 0.15 0.05 0.05 0.25 0.05 0.15 0.15 0.05 
0.25 0.25 0.15 0 0.15 0.15 0.25 0.15 0.25 0.25 0.05 0.15 0.15 0.25 0.05 0.25 0.05 0.05 0.15 0.05 0.05 
0.15 0.25 0.15 0.15 0 0.05 0.15 0.25 0.15 0.05 0.25 0.05 0.25 0.15 0.15 0.05 0.15 0.25 0.15 0.25 0.05 
0.15 0.25 0.05 0.05 0.25 0 0.25 0.05 0.25 0.15 0.25 0.05 0.15 0.15 0.15 0.05 0.25 0.15 0.05 0.25 0.15 
0.25 0.15 0.25 0.15 0.25 0.25 0 0.15 0.15 0.25 0.05 0.25 0.25 0.15 0.25 0.15 0.05 0.15 0.25 0.05 0.25 
0.15 0.05 0.25 0.25 0.05 0.05 0.05 0 0.15 0.25 0.05 0.25 0.15 0.05 0.25 0.25 0.05 0.15 0.15 0.15 0.25 
0.15 0.05 0.25 0.15 0.15 0.25 0.15 0.15 0 0.15 0.05 0.05 0.25 0.05 0.15 0.05 0.25 0.05 0.15 0.25 0.15 
0.25 0.15 0.05 0.05 0.15 0.15 0.05 0.15 0.15 0 0.05 0.25 0.15 0.15 0.15 0.15 0.15 0.05 0.05 0.05 0.15 
0.15 0.15 0.25 0.25 0.25 0.15 0.25 0.25 0.15 0.15 0 0.25 0.05 0.05 0.15 0.25 0.15 0.05 0.25 0.05 0.15 
0.25 0.15 0.15 0.25 0.05 0.15 0.05 0.25 0.25 0.15 0.15 0 0.25 0.25 0.25 0.15 0.25 0.05 0.15 0.25 0.15 
0.05 0.05 0.25 0.25 0.25 0.05 0.05 0.25 0.15 0.15 0.05 0.15 0 0.15 0.25 0.25 0.15 0.15 0.15 0.05 0.05 
0.25 0.25 0.15 0.15 0.05 0.05 0.25 0.15 0.25 0.25 0.25 0.25 0.25 0 0.25 0.05 0.15 0.15 0.15 0.25 0.05 
0.15 0.05 0.05 0.15 0.25 0.05 0.05 0.05 0.15 0.05 0.05 0.05 0.05 0.25 0 0.15 0.05 0.15 0.15 0.05 0.15 
0.15 0.15 0.25 0.05 0.15 0.05 0.05 0.05 0.15 0.25 0.15 0.15 0.25 0.25 0.05 0 0.25 0.05 0.25 0.25 0.15 
0.05 0.05 0.25 0.05 0.25 0.15 0.05 0.25 0.15 0.05 0.05 0.25 0.15 0.15 0.15 0.15 0 0.25 0.25 0.05 0.05 
0.05 0.25 0.15 0.25 0.25 0.25 0.15 0.25 0.25 0.15 0.15 0.15 0.25 0.15 0.15 0.05 0.05 0 0.25 0.25 0.15 
0.25 0.15 0.05 0.05 0.15 0.15 0.25 0.25 0.15 0.15 0.25 0.05 0.05 0.25 0.25 0.25 0.25 0.25 0 0.05 0.15 
0.15 0.15 0.25 0.25 0.25 0.15 0.05 0.05 0.15 0.15 0.05 0.05 0.15 0.25 0.25 0.25 0.05 0.15 0.05 0 0.05 
0.25 0.05 0.25 0.05 0.25 0.05 0.15 0.25 0.15 0.15 0.25 0.05 0.15 0.25 0.05 0.05 0.25 0.05 0.05 0.05 0 
