21
0  0  0 0 0 0 1440
-620800  -11705200  1 41 1 4 602
592300  351900  25 32 1 1 572
-166900  4596100  2 31 1 5 560
-1053800  -11077300  2 35 1 0 543
1306200  783700  27 34 1 7 545
-1360800  2707500  1 41 1 1 558
-1308800  4042200  20 34 1 1 566
-2036900  1765000  31 44 1 6 499
-941300  -10068100  30 44 1 2 577
-1086900  -10507000  8 36 1 7 516
-336900  4620000  3 36 0 316 1061
-285200  4851900  3 39 0 42 755
1415600  1240900  7 33 0 356 1129
-427200  -9480000  6 35 0 272 955
-1095000  1429700  4 36 0 104 854
-1185600  -10723200  7 38 0 219 983
-385800  5248000  4 31 0 395 1068
-338500  4197900  4 40 0 71 771
-366900  6250000  2 30 0 181 923
-2716600  1710000  5 30 0 458 1158
0 0.05 0.15 0.25 0.25 0.25 0.05 0.25 0.25 0.05 0.15 0.05 0.05 0.15 0.15 0.25 0.05 0.15 0.25 0.15 0.25 
0.05 0 0.25 0.25 0.05 0.05 0.15 0.15 0.05 0.15 0.25 0.05 0.25 0.25 0.05 0.25 0.25 0.15 0.25 0.25 0.15 
0.05 0.05 0 0.15 0.05 0.15 0.15 0.25 0.25 0.25 0.05 0.15 0.05 0.05 0.25 0.15 0.05 0.15 0.25 0.25 0.05 
0.25 0.05 0.25 0 0.25 0.05 0.25 0.25 0.05 0.25 0.25 0.15 0.25 0.25 0.25 0.25 0.05 0.05 0.15 0.15 0.05 
0.15 0.25 0.25 0.25 0 0.25 0.05 0.25 0.25 0.05 0.15 0.05 0.25 0.25 0.15 0.25 0.05 0.15 0.25 0.05 0.05 
0.15 0.05 0.25 0.15 0.25 0 0.05 0.25 0.25 0.05 0.05 0.15 0.25 0.05 0.15 0.25 0.25 0.05 0.15 0.25 0.15 
0.05 0.25 0.15 0.15 0.15 0.25 0 0.05 0.15 0.25 0.25 0.15 0.15 0.15 0.15 0.05 0.25 0.05 0.05 0.15 0.05 
0.15 0.15 0.05 0.25 0.15 0.25 0.05 0 0.05 0.05 0.15 0.15 0.05 0.05 0.15 0.15 0.05 0.05 0.25 0.05 0.15 
0.15 0.15 0.15 0.25 0.05 0.15 0.25 0.05 0 0.25 0.05 0.05 0.15 0.25 0.15 0.25 0.25 0.15 0.05 0.15 0.15 
0.05 0.15 0.15 0.15 0.15 0.15 0.15 0.15 0.05 0 0.25 0.05 0.05 0.05 0.05 0.15 0.05 0.05 0.05 0.15 0.05 
0.05 0.05 0.15 0.05 0.15 0.25 0.25 0.15 0.15 0.05 0 0.25 0.05 0.25 0.05 0.25 0.05 0.05 0.15 0.25 0.05 
0.25 0.25 0.05 0.15 0.15 0.25 0.15 0.15 0.15 0.15 0.25 0 0.05 0.15 0.05 0.25 0.25 0.05 0.25 0.05 0.25 
0.25 0.25 0.25 0.05 0.05 0.05 0.05 0.05 0.25 0.05 0.25 0.15 0 0.25 0.05 0.15 0.05 0.05 0.15 0.25 0.05 
0.15 0.05 0.05 0.25 0.15 0.15 0.25 0.25 0.25 0.05 0.05 0.15 0.05 0 0.15 0.25 0.15 0.25 0.15 0.25 0.15 
0.15 0.05 0.25 0.15 0.05 0.15 0.25 0.15 0.15 0.15 0.15 0.25 0.25 0.15 0 0.05 0.05 0.15 0.05 0.05 0.25 
0.15 0.05 0.25 0.05 0.15 0.15 0.05 0.15 0.25 0.05 0.25 0.05 0.15 0.15 0.25 0 0.25 0.25 0.05 0.15 0.15 
0.15 0.15 0.15 0.15 0.05 0.15 0.05 0.05 0.15 0.05 0.25 0.15 0.15 0.05 0.25 0.05 0 0.15 0.05 0.15 0.25 
0.15 0.05 0.05 0.05 0.05 0.25 0.25 0.25 0.05 0.05 0.15 0.05 0.15 0.25 0.25 0.15 0.05 0 0.15 0.15 0.15 
0.05 0.15 0.15 0.15 0.25 0.05 0.15 0.05 0.05 0.25 0.05 0.05 0.25 0.05 0.25 0.25 0.15 0.15 0 0.25 0.05 
0.25 0.25 0.25 0.25 0.25 0.15 0.25 0.05 0.25 0.15 0.15 0.05 0.05 0.05 0.15 0.25 0.25 0.25 0.25 0 0.15 
0.15 0.25 0.15 0.05 0.15 0.05 0.25 0.15 0.15 0.15 0.05 0.05 0.25 0.25 0.05 0.15 0.15 0.25 0.25 0.05 0 
