21
0  0  0 0 0 0 1440
-1129600  -9924700  6 31 1 0 550
-321900  4034200  16 33 1 0 557
-456900  4668000  105 38 1 0 580
797400  120200  4 43 1 0 592
-1516600  1445000  15 33 1 0 516
-2056600  1590000  46 30 1 0 598
-665700  4846900  15 39 1 0 571
-36200  -56300  14 43 1 0 521
-1074100  4646100  9 38 1 0 532
-898749  -10115095  5 41 1 0 575
-1886800  1435200  3 39 0 125 902
1224200  370400  15 39 0 277 1042
-1447900  2594600  3 39 0 165 834
-336900  5113000  8 35 0 170 885
-306600  4851900  7 37 0 228 937
-1066300  1880000  3 36 0 358 1045
-3298600  4641300  4 32 0 355 1088
-543600  4057400  12 31 0 296 1041
-306600  4093900  10 38 0 172 919
-1125400  4405800  6 31 0 91 789
0 0.25 0.05 0.15 0.05 0.25 0.15 0.25 0.25 0.25 0.25 0.05 0.25 0.25 0.25 0.25 0.15 0.25 0.05 0.05 0.15 
0.25 0 0.15 0.25 0.05 0.25 0.05 0.25 0.05 0.05 0.15 0.15 0.25 0.05 0.05 0.05 0.15 0.25 0.05 0.25 0.15 
0.15 0.25 0 0.15 0.25 0.25 0.05 0.15 0.05 0.15 0.25 0.05 0.15 0.15 0.05 0.25 0.05 0.05 0.25 0.15 0.25 
0.05 0.25 0.15 0 0.25 0.25 0.05 0.05 0.25 0.25 0.05 0.05 0.15 0.15 0.25 0.05 0.05 0.15 0.25 0.25 0.25 
0.25 0.05 0.05 0.05 0 0.15 0.15 0.25 0.15 0.05 0.05 0.25 0.05 0.05 0.15 0.15 0.05 0.25 0.25 0.25 0.25 
0.05 0.15 0.25 0.05 0.15 0 0.25 0.05 0.05 0.05 0.25 0.05 0.25 0.15 0.25 0.05 0.15 0.25 0.25 0.25 0.25 
0.15 0.15 0.15 0.15 0.15 0.15 0 0.25 0.15 0.25 0.05 0.25 0.05 0.25 0.05 0.05 0.05 0.15 0.25 0.25 0.05 
0.25 0.05 0.25 0.25 0.05 0.25 0.15 0 0.05 0.15 0.15 0.05 0.25 0.25 0.05 0.25 0.15 0.05 0.05 0.05 0.25 
0.15 0.25 0.25 0.25 0.25 0.25 0.05 0.25 0 0.05 0.25 0.15 0.15 0.05 0.25 0.15 0.15 0.15 0.25 0.15 0.25 
0.05 0.25 0.25 0.15 0.15 0.25 0.25 0.15 0.15 0 0.05 0.15 0.15 0.15 0.15 0.25 0.15 0.25 0.15 0.15 0.05 
0.25 0.05 0.05 0.15 0.05 0.15 0.15 0.15 0.25 0.05 0 0.25 0.15 0.15 0.25 0.15 0.25 0.05 0.25 0.25 0.25 
0.15 0.05 0.05 0.15 0.05 0.15 0.25 0.25 0.25 0.25 0.25 0 0.25 0.05 0.25 0.05 0.05 0.15 0.25 0.25 0.25 
0.25 0.05 0.05 0.15 0.15 0.05 0.25 0.25 0.05 0.15 0.05 0.25 0 0.05 0.05 0.25 0.15 0.25 0.15 0.25 0.05 
0.25 0.25 0.25 0.05 0.05 0.15 0.05 0.05 0.25 0.05 0.05 0.05 0.15 0 0.05 0.05 0.25 0.05 0.15 0.15 0.05 
0.05 0.05 0.25 0.15 0.15 0.05 0.25 0.15 0.05 0.05 0.15 0.15 0.25 0.15 0 0.25 0.25 0.05 0.15 0.05 0.15 
0.05 0.05 0.05 0.05 0.15 0.15 0.25 0.05 0.15 0.25 0.15 0.25 0.05 0.05 0.15 0 0.05 0.25 0.05 0.15 0.15 
0.15 0.05 0.25 0.05 0.25 0.25 0.25 0.05 0.05 0.05 0.25 0.05 0.15 0.05 0.05 0.15 0 0.15 0.15 0.05 0.25 
0.15 0.15 0.25 0.05 0.15 0.15 0.25 0.25 0.05 0.25 0.05 0.15 0.25 0.05 0.15 0.25 0.15 0 0.15 0.25 0.05 
0.05 0.15 0.15 0.15 0.15 0.15 0.05 0.15 0.05 0.05 0.05 0.15 0.05 0.15 0.25 0.25 0.15 0.25 0 0.25 0.25 
0.25 0.25 0.05 0.25 0.25 0.15 0.25 0.25 0.25 0.15 0.25 0.25 0.25 0.05 0.05 0.05 0.25 0.15 0.15 0 0.05 
0.25 0.15 0.15 0.25 0.25 0.25 0.15 0.15 0.15 0.15 0.25 0.25 0.15 0.25 0.25 0.25 0.25 0.05 0.25 0.05 0 
