21
0  0  0 0 0 0 1440
-656600  3258000  9 33 1 22 618
-1383000  2048200  1 41 1 26 611
-1905500  3232800  3 30 1 14 573
-1006900  -10693900  4 44 1 27 532
-995600  -10318600  1 43 1 26 569
-2787500  1436900  5 43 1 13 583
-2586900  1761100  1 31 1 1 514
-27300  5945500  7 41 1 24 518
-1522615  -11236748  6 36 1 23 597
-881900  -10218600  1 31 1 17 555
-60100  6081700  14 33 0 300 1039
-196600  6218900  8 43 0 388 1048
-103600  5336400  1 42 0 238 967
-1786600  1473000  12 31 0 248 983
-2206900  1525000  15 30 0 133 865
-658200  4761300  3 38 0 375 1144
864100  127000  11 39 0 185 940
-914100  5561900  7 44 0 356 1123
-990200  4465000  35 39 0 345 1061
-1088500  -11801700  12 36 0 360 1056
0 0.25 0.15 0.15 0.15 0.25 0.25 0.05 0.25 0.25 0.25 0.25 0.05 0.15 0.15 0.25 0.15 0.05 0.15 0.25 0.15 
0.05 0 0.25 0.05 0.15 0.25 0.05 0.25 0.05 0.05 0.15 0.05 0.25 0.05 0.15 0.05 0.15 0.05 0.05 0.25 0.25 
0.15 0.15 0 0.05 0.15 0.15 0.15 0.15 0.05 0.05 0.25 0.25 0.25 0.05 0.15 0.25 0.15 0.15 0.25 0.05 0.05 
0.25 0.05 0.15 0 0.25 0.25 0.05 0.05 0.05 0.15 0.25 0.15 0.25 0.15 0.05 0.05 0.05 0.25 0.15 0.05 0.25 
0.15 0.25 0.15 0.25 0 0.15 0.15 0.25 0.15 0.05 0.05 0.15 0.25 0.05 0.15 0.15 0.05 0.25 0.15 0.05 0.05 
0.05 0.15 0.05 0.25 0.25 0 0.25 0.05 0.15 0.25 0.15 0.25 0.15 0.05 0.05 0.25 0.25 0.15 0.25 0.05 0.25 
0.05 0.25 0.15 0.25 0.15 0.25 0 0.15 0.25 0.25 0.15 0.25 0.15 0.05 0.15 0.15 0.15 0.05 0.25 0.25 0.15 
0.15 0.25 0.15 0.25 0.05 0.15 0.15 0 0.25 0.05 0.05 0.05 0.25 0.05 0.15 0.25 0.05 0.15 0.05 0.25 0.05 
0.15 0.25 0.05 0.15 0.05 0.25 0.25 0.15 0 0.25 0.05 0.15 0.05 0.05 0.05 0.15 0.05 0.05 0.25 0.05 0.25 
0.05 0.15 0.25 0.05 0.05 0.15 0.15 0.25 0.05 0 0.25 0.25 0.05 0.05 0.15 0.15 0.25 0.05 0.15 0.15 0.05 
0.25 0.25 0.25 0.05 0.25 0.15 0.15 0.25 0.25 0.25 0 0.25 0.25 0.15 0.05 0.15 0.15 0.15 0.05 0.05 0.25 
0.25 0.05 0.15 0.05 0.25 0.15 0.25 0.05 0.05 0.05 0.15 0 0.05 0.15 0.25 0.05 0.05 0.05 0.05 0.25 0.25 
0.25 0.05 0.05 0.05 0.05 0.25 0.05 0.25 0.25 0.05 0.25 0.15 0 0.15 0.15 0.05 0.05 0.05 0.05 0.05 0.05 
0.25 0.15 0.25 0.25 0.25 0.05 0.15 0.15 0.25 0.25 0.05 0.05 0.25 0 0.25 0.15 0.15 0.05 0.05 0.15 0.15 
0.25 0.15 0.05 0.15 0.15 0.25 0.05 0.15 0.05 0.05 0.25 0.05 0.15 0.15 0 0.05 0.25 0.05 0.25 0.25 0.25 
0.25 0.15 0.15 0.15 0.15 0.15 0.15 0.05 0.25 0.15 0.15 0.05 0.25 0.05 0.15 0 0.25 0.05 0.15 0.25 0.15 
0.25 0.05 0.25 0.15 0.25 0.15 0.05 0.05 0.05 0.25 0.05 0.15 0.05 0.05 0.25 0.15 0 0.25 0.25 0.25 0.25 
0.15 0.25 0.15 0.25 0.25 0.05 0.15 0.25 0.05 0.15 0.05 0.15 0.05 0.05 0.15 0.25 0.15 0 0.15 0.05 0.05 
0.15 0.25 0.05 0.15 0.15 0.05 0.15 0.25 0.05 0.15 0.05 0.05 0.15 0.05 0.25 0.15 0.15 0.25 0 0.15 0.25 
0.05 0.15 0.15 0.05 0.05 0.15 0.25 0.25 0.25 0.05 0.15 0.05 0.15 0.25 0.25 0.25 0.25 0.25 0.15 0 0.25 
0.15 0.05 0.25 0.05 0.25 0.15 0.25 0.05 0.05 0.05 0.15 0.05 0.15 0.05 0.25 0.25 0.15 0.25 0.05 0.25 0 
