16
0  0  0 0 0 0 1440
-506300  4811900  15 37 1 7 509
-1016000  -10798100  14 41 1 15 608
-126300  4995000  7 33 1 42 624
-816900  3478900  4 41 1 21 535
-1911900  3202200  7 43 1 9 563
-256900  6430000  45 30 1 0 510
-56900  6350000  4 39 1 39 603
-2937200  4410000  7 39 1 38 637
-981100  -11393100  6 44 0 255 972
-166900  6390000  10 39 0 374 1078
-587400  4361800  12 44 0 276 948
-885500  -10785600  13 40 0 207 961
-366900  6250000  2 30 0 366 1085
-1336800  4060900  18 34 0 390 1102
-1156300  2586900  5 38 0 138 914
0 0.15 0.15 0.05 0.15 0.25 0.05 0.25 0.25 0.15 0.05 0.25 0.05 0.25 0.25 0.15 
0.05 0 0.15 0.15 0.25 0.15 0.15 0.15 0.05 0.05 0.25 0.25 0.25 0.15 0.15 0.25 
0.15 0.05 0 0.25 0.15 0.25 0.05 0.05 0.25 0.05 0.25 0.15 0.15 0.05 0.15 0.15 
0.25 0.05 0.25 0 0.15 0.15 0.25 0.25 0.15 0.15 0.25 0.05 0.15 0.05 0.25 0.05 
0.15 0.25 0.25 0.05 0 0.15 0.05 0.05 0.15 0.05 0.25 0.15 0.05 0.15 0.05 0.25 
0.05 0.15 0.25 0.15 0.15 0 0.05 0.15 0.15 0.25 0.05 0.05 0.25 0.15 0.05 0.05 
0.25 0.05 0.15 0.05 0.25 0.25 0 0.05 0.25 0.25 0.25 0.25 0.05 0.25 0.25 0.25 
0.25 0.05 0.05 0.25 0.15 0.25 0.15 0 0.05 0.05 0.05 0.05 0.05 0.05 0.15 0.15 
0.05 0.15 0.25 0.15 0.15 0.25 0.25 0.15 0 0.05 0.25 0.15 0.15 0.15 0.25 0.05 
0.25 0.25 0.15 0.15 0.15 0.25 0.15 0.25 0.15 0 0.15 0.25 0.25 0.25 0.25 0.05 
0.15 0.25 0.25 0.15 0.05 0.25 0.15 0.25 0.15 0.25 0 0.15 0.15 0.05 0.05 0.15 
0.25 0.05 0.05 0.15 0.05 0.15 0.15 0.05 0.15 0.05 0.15 0 0.15 0.25 0.25 0.15 
0.15 0.25 0.25 0.05 0.15 0.15 0.05 0.15 0.15 0.25 0.05 0.25 0 0.25 0.15 0.05 
0.25 0.15 0.05 0.15 0.15 0.05 0.25 0.25 0.25 0.25 0.25 0.15 0.15 0 0.25 0.15 
0.05 0.05 0.15 0.15 0.15 0.15 0.15 0.05 0.25 0.05 0.15 0.25 0.15 0.05 0 0.05 
0.15 0.25 0.25 0.05 0.25 0.05 0.15 0.25 0.05 0.05 0.15 0.25 0.15 0.15 0.15 0 
