16
0  0  0 0 0 0 1440
-2835700  4226100  3 31 1 8 521
-2715327  1513603  1 42 1 12 532
-536300  6306600  2 45 1 6 500
827200  889700  14 42 1 9 532
-1906300  3150800  3 32 1 7 547
-1616300  1918000  8 43 1 0 523
-930800  2938100  15 31 1 9 538
-1104700  1861600  2 35 1 6 492
-170000  4865300  22 32 0 56 775
-256600  5446700  12 36 0 195 890
-658200  4761300  3 38 0 128 867
789600  8000  9 39 0 99 854
-1046600  4041900  113 30 0 201 977
-356900  3780000  7 39 0 76 739
-1110000  1458300  22 35 0 154 893
0 0.25 0.15 0.05 0.15 0.25 0.15 0.25 0.15 0.25 0.15 0.15 0.25 0.05 0.15 0.15 
0.25 0 0.25 0.15 0.25 0.25 0.15 0.15 0.25 0.15 0.25 0.25 0.15 0.15 0.05 0.05 
0.25 0.15 0 0.15 0.25 0.05 0.25 0.05 0.15 0.05 0.15 0.15 0.15 0.05 0.25 0.05 
0.15 0.25 0.15 0 0.05 0.05 0.15 0.25 0.05 0.05 0.05 0.25 0.05 0.25 0.05 0.15 
0.05 0.15 0.25 0.05 0 0.05 0.05 0.15 0.05 0.25 0.15 0.05 0.25 0.05 0.05 0.15 
0.25 0.25 0.05 0.25 0.05 0 0.25 0.25 0.05 0.15 0.05 0.05 0.15 0.05 0.15 0.05 
0.05 0.25 0.25 0.25 0.15 0.25 0 0.15 0.05 0.05 0.15 0.15 0.25 0.25 0.05 0.05 
0.05 0.15 0.15 0.05 0.05 0.15 0.05 0 0.05 0.25 0.05 0.15 0.25 0.15 0.15 0.05 
0.25 0.25 0.05 0.05 0.15 0.05 0.05 0.15 0 0.15 0.05 0.15 0.25 0.25 0.05 0.25 
0.15 0.15 0.05 0.05 0.05 0.25 0.15 0.05 0.15 0 0.15 0.05 0.25 0.05 0.05 0.15 
0.05 0.05 0.25 0.25 0.05 0.15 0.15 0.25 0.25 0.05 0 0.15 0.25 0.05 0.15 0.05 
0.15 0.25 0.15 0.25 0.25 0.05 0.05 0.15 0.25 0.15 0.15 0 0.05 0.15 0.25 0.05 
0.15 0.15 0.15 0.15 0.05 0.25 0.25 0.05 0.05 0.15 0.05 0.25 0 0.25 0.15 0.05 
0.15 0.15 0.25 0.25 0.05 0.05 0.05 0.05 0.25 0.05 0.15 0.15 0.05 0 0.05 0.05 
0.25 0.15 0.05 0.15 0.05 0.25 0.05 0.15 0.05 0.25 0.25 0.25 0.05 0.05 0 0.05 
0.15 0.05 0.15 0.15 0.05 0.15 0.05 0.25 0.05 0.25 0.05 0.05 0.15 0.15 0.05 0 
