16
0  0  0 0 0 0 1440
-385800  5248000  4 31 1 6 578
-206600  6250000  26 35 1 23 608
-466600  5481900  11 44 1 28 566
-2896600  1466900  3 33 1 31 518
-776300  3970000  10 33 1 7 603
-1176900  2685000  20 35 1 28 525
-306600  3876900  6 34 1 30 622
-266900  4933100  1 41 1 0 576
-937000  3737500  7 36 0 120 847
-594900  -9920800  2 31 0 277 973
-406300  4025000  10 38 0 311 1070
-710900  5841900  6 44 0 118 887
1203400  -2398100  3 38 0 203 936
-2136900  1728000  55 30 0 194 965
-1906300  3241100  6 37 0 322 1043
0 0.15 0.15 0.25 0.15 0.05 0.25 0.05 0.15 0.15 0.15 0.25 0.25 0.05 0.25 0.15 
0.15 0 0.25 0.05 0.25 0.15 0.25 0.15 0.25 0.15 0.05 0.05 0.05 0.25 0.25 0.05 
0.15 0.05 0 0.05 0.25 0.05 0.05 0.25 0.05 0.25 0.25 0.25 0.05 0.05 0.05 0.05 
0.15 0.05 0.25 0 0.15 0.05 0.15 0.15 0.25 0.25 0.05 0.05 0.15 0.15 0.25 0.25 
0.05 0.15 0.05 0.15 0 0.05 0.25 0.25 0.05 0.15 0.25 0.05 0.05 0.05 0.05 0.05 
0.25 0.15 0.05 0.25 0.25 0 0.15 0.15 0.05 0.05 0.25 0.15 0.15 0.25 0.15 0.05 
0.15 0.25 0.05 0.25 0.25 0.25 0 0.05 0.25 0.15 0.15 0.05 0.05 0.25 0.25 0.15 
0.25 0.15 0.05 0.25 0.25 0.05 0.15 0 0.25 0.15 0.05 0.25 0.25 0.25 0.05 0.25 
0.15 0.05 0.25 0.25 0.15 0.25 0.25 0.25 0 0.15 0.25 0.05 0.15 0.05 0.15 0.15 
0.15 0.05 0.15 0.25 0.05 0.25 0.05 0.05 0.15 0 0.15 0.05 0.15 0.25 0.25 0.15 
0.05 0.15 0.15 0.25 0.25 0.25 0.25 0.15 0.15 0.25 0 0.05 0.25 0.25 0.15 0.05 
0.15 0.15 0.25 0.05 0.25 0.25 0.25 0.15 0.15 0.25 0.25 0 0.05 0.15 0.05 0.25 
0.15 0.05 0.05 0.15 0.15 0.05 0.25 0.25 0.25 0.05 0.15 0.05 0 0.05 0.25 0.05 
0.25 0.05 0.15 0.25 0.15 0.25 0.15 0.25 0.05 0.15 0.05 0.15 0.25 0 0.15 0.05 
0.25 0.05 0.25 0.05 0.05 0.15 0.15 0.25 0.05 0.05 0.15 0.25 0.05 0.05 0 0.25 
0.25 0.25 0.15 0.05 0.05 0.15 0.05 0.25 0.25 0.25 0.05 0.15 0.15 0.25 0.15 0 
