16
0  0  0 0 0 0 1440
-406300  5965000  19 32 1 11 586
41700  4861200  28 36 1 1 555
-1501300  -5470000  3 38 1 5 595
-288003  4845417  3 36 1 3 589
-2536000  1384200  10 44 1 7 519
-506300  4191900  8 39 1 9 533
918600  593100  22 43 1 11 547
-1548800  1731600  10 42 1 3 592
711300  35600  10 38 0 126 807
-1150800  4493600  5 40 0 334 1055
-2796900  4488100  58 34 0 302 1068
-3678000  3894700  9 41 0 135 810
-1307200  4028300  5 43 0 132 837
-981100  -11393100  6 44 0 310 1087
-914100  5561900  7 44 0 171 902
0 0.15 0.05 0.15 0.25 0.05 0.25 0.15 0.25 0.05 0.15 0.25 0.15 0.25 0.15 0.15 
0.25 0 0.05 0.05 0.25 0.25 0.05 0.15 0.15 0.25 0.25 0.15 0.05 0.05 0.05 0.25 
0.05 0.25 0 0.15 0.15 0.15 0.25 0.25 0.05 0.25 0.15 0.05 0.05 0.25 0.25 0.05 
0.15 0.25 0.25 0 0.15 0.25 0.25 0.25 0.15 0.05 0.25 0.05 0.25 0.05 0.05 0.25 
0.25 0.05 0.05 0.15 0 0.25 0.25 0.05 0.25 0.25 0.05 0.05 0.05 0.25 0.25 0.05 
0.05 0.15 0.25 0.15 0.05 0 0.05 0.15 0.15 0.15 0.15 0.05 0.05 0.25 0.25 0.25 
0.25 0.15 0.15 0.05 0.05 0.25 0 0.25 0.25 0.05 0.15 0.05 0.25 0.05 0.05 0.25 
0.05 0.05 0.25 0.05 0.25 0.05 0.05 0 0.25 0.05 0.25 0.25 0.15 0.15 0.05 0.25 
0.25 0.05 0.15 0.25 0.25 0.05 0.05 0.25 0 0.15 0.25 0.15 0.15 0.15 0.05 0.25 
0.15 0.15 0.05 0.05 0.05 0.15 0.15 0.05 0.25 0 0.05 0.15 0.05 0.05 0.15 0.15 
0.15 0.25 0.25 0.15 0.25 0.25 0.15 0.05 0.05 0.25 0 0.15 0.25 0.05 0.25 0.15 
0.15 0.15 0.15 0.15 0.25 0.15 0.25 0.25 0.05 0.15 0.05 0 0.15 0.25 0.25 0.05 
0.25 0.25 0.15 0.25 0.05 0.05 0.25 0.15 0.05 0.05 0.05 0.05 0 0.25 0.15 0.15 
0.15 0.25 0.25 0.15 0.15 0.25 0.15 0.25 0.15 0.25 0.15 0.15 0.25 0 0.15 0.15 
0.15 0.25 0.15 0.25 0.15 0.05 0.15 0.25 0.25 0.25 0.15 0.15 0.25 0.05 0 0.15 
0.25 0.25 0.15 0.15 0.05 0.05 0.25 0.25 0.25 0.05 0.25 0.15 0.15 0.15 0.05 0 
