16
0  0  0 0 0 0 1440
-86900  5550000  9 40 1 18 552
-393200  4103100  4 40 1 16 517
-1029000  1451000  9 35 1 13 518
-63900  6251500  1 33 1 18 566
1201100  -5138100  8 35 1 3 581
-466600  5891900  11 31 1 5 588
-620800  -11705200  1 41 1 3 504
-386800  6277500  13 39 1 3 483
883100  566100  35 39 0 353 1095
-2496900  1773900  37 42 0 230 1009
-1176900  2685000  20 35 0 279 970
-1185600  -10723200  7 38 0 336 1028
-1596600  1790000  6 39 0 323 1060
-2770100  1718800  4 38 0 158 858
-873900  5622800  7 31 0 99 775
0 0.25 0.15 0.15 0.15 0.05 0.05 0.25 0.15 0.05 0.25 0.25 0.05 0.25 0.05 0.15 
0.25 0 0.15 0.05 0.05 0.25 0.25 0.25 0.05 0.15 0.05 0.15 0.15 0.05 0.15 0.25 
0.25 0.15 0 0.25 0.15 0.15 0.25 0.25 0.05 0.25 0.15 0.15 0.15 0.05 0.05 0.05 
0.15 0.15 0.15 0 0.05 0.05 0.05 0.25 0.25 0.05 0.15 0.15 0.15 0.05 0.05 0.05 
0.05 0.05 0.25 0.05 0 0.05 0.15 0.15 0.15 0.15 0.15 0.15 0.05 0.25 0.05 0.15 
0.15 0.25 0.25 0.15 0.15 0 0.25 0.05 0.15 0.15 0.05 0.15 0.05 0.05 0.15 0.25 
0.25 0.15 0.15 0.25 0.15 0.25 0 0.15 0.15 0.25 0.15 0.15 0.25 0.15 0.15 0.15 
0.05 0.25 0.25 0.25 0.05 0.15 0.15 0 0.25 0.25 0.15 0.25 0.05 0.25 0.25 0.15 
0.05 0.05 0.25 0.05 0.15 0.05 0.25 0.25 0 0.15 0.15 0.25 0.25 0.25 0.25 0.05 
0.05 0.05 0.05 0.25 0.15 0.25 0.25 0.25 0.05 0 0.15 0.25 0.05 0.05 0.25 0.05 
0.15 0.05 0.25 0.05 0.05 0.05 0.25 0.15 0.15 0.25 0 0.25 0.25 0.05 0.05 0.05 
0.15 0.25 0.05 0.25 0.05 0.25 0.15 0.05 0.25 0.05 0.15 0 0.15 0.05 0.25 0.05 
0.15 0.05 0.15 0.15 0.05 0.05 0.15 0.15 0.15 0.25 0.15 0.15 0 0.25 0.05 0.05 
0.05 0.15 0.05 0.15 0.15 0.25 0.05 0.15 0.05 0.15 0.25 0.25 0.25 0 0.25 0.05 
0.05 0.15 0.15 0.15 0.25 0.25 0.15 0.15 0.25 0.05 0.25 0.25 0.05 0.25 0 0.15 
0.15 0.25 0.15 0.05 0.25 0.15 0.05 0.05 0.05 0.15 0.15 0.15 0.25 0.25 0.25 0 
