16
0  0  0 0 0 0 1440
-1066300  1880000  3 36 1 7 499
1134600  160200  4 32 1 2 520
53700  5435000  6 42 1 4 501
700600  -103300  23 44 1 5 602
-186600  6456900  2 34 1 0 576
-56900  6350000  4 39 1 6 524
805200  593000  22 39 1 3 546
-1920200  3226100  6 45 1 3 529
-1040100  -11195500  4 35 0 112 772
353400  -1956100  34 45 0 86 801
-456900  4668000  105 38 0 149 875
-2686900  1411900  3 45 0 251 999
-1616300  1918000  8 43 0 317 998
-366900  4500000  12 44 0 111 853
3400  5393900  12 40 0 134 874
0 0.25 0.05 0.15 0.05 0.25 0.25 0.05 0.05 0.05 0.15 0.25 0.25 0.05 0.15 0.15 
0.05 0 0.15 0.05 0.15 0.15 0.25 0.05 0.25 0.25 0.25 0.25 0.15 0.15 0.25 0.25 
0.05 0.15 0 0.25 0.15 0.25 0.15 0.05 0.05 0.05 0.15 0.25 0.15 0.25 0.25 0.05 
0.15 0.25 0.15 0 0.05 0.25 0.15 0.25 0.05 0.05 0.15 0.05 0.25 0.05 0.05 0.25 
0.15 0.25 0.15 0.05 0 0.15 0.25 0.05 0.25 0.25 0.05 0.25 0.25 0.25 0.05 0.25 
0.05 0.15 0.25 0.05 0.25 0 0.25 0.25 0.05 0.05 0.25 0.15 0.05 0.25 0.25 0.15 
0.05 0.25 0.25 0.15 0.25 0.15 0 0.15 0.05 0.25 0.15 0.25 0.25 0.05 0.05 0.15 
0.05 0.15 0.15 0.05 0.15 0.25 0.05 0 0.05 0.05 0.25 0.25 0.05 0.25 0.25 0.25 
0.25 0.25 0.25 0.15 0.05 0.25 0.25 0.15 0 0.05 0.15 0.05 0.15 0.25 0.25 0.25 
0.05 0.05 0.15 0.05 0.15 0.05 0.05 0.25 0.15 0 0.25 0.05 0.05 0.15 0.15 0.05 
0.05 0.15 0.05 0.15 0.05 0.15 0.05 0.05 0.15 0.05 0 0.15 0.15 0.25 0.05 0.05 
0.05 0.25 0.15 0.05 0.25 0.25 0.05 0.15 0.05 0.25 0.05 0 0.25 0.15 0.15 0.25 
0.15 0.25 0.05 0.15 0.25 0.25 0.15 0.15 0.15 0.25 0.05 0.25 0 0.25 0.25 0.25 
0.05 0.25 0.05 0.05 0.15 0.15 0.15 0.15 0.15 0.05 0.05 0.05 0.25 0 0.05 0.15 
0.15 0.25 0.15 0.05 0.15 0.15 0.05 0.15 0.15 0.25 0.05 0.25 0.25 0.05 0 0.15 
0.05 0.15 0.25 0.05 0.05 0.05 0.15 0.05 0.15 0.05 0.15 0.05 0.05 0.15 0.25 0 
