16
0  0  0 0 0 0 1440
947800  851900  25 44 1 1 549
-1308800  4042200  20 34 1 5 582
-446900  6075000  2 43 1 1 512
-1914100  3225500  3 32 1 4 534
-987200  4533900  13 41 1 1 521
432500  -179500  3 31 1 3 493
1134600  215900  9 42 1 4 566
-1412100  2703900  3 41 1 2 583
-256600  5446700  12 36 0 193 907
-532500  5337100  12 41 0 190 944
-110900  5950100  5 43 0 221 901
1428900  1297200  31 35 0 207 945
-160800  3737500  5 31 0 242 903
-1186900  1666100  2 32 0 260 934
-594900  -9920800  2 31 0 189 852
0 0.15 0.25 0.05 0.05 0.15 0.05 0.15 0.25 0.25 0.25 0.05 0.05 0.15 0.25 0.25 
0.05 0 0.05 0.15 0.15 0.05 0.15 0.15 0.25 0.15 0.15 0.15 0.05 0.25 0.25 0.05 
0.15 0.15 0 0.25 0.15 0.25 0.25 0.15 0.15 0.05 0.15 0.15 0.25 0.15 0.25 0.15 
0.05 0.05 0.25 0 0.25 0.15 0.05 0.25 0.05 0.15 0.15 0.15 0.15 0.05 0.05 0.05 
0.25 0.15 0.25 0.15 0 0.15 0.15 0.15 0.05 0.15 0.25 0.25 0.05 0.05 0.25 0.15 
0.15 0.05 0.05 0.05 0.25 0 0.25 0.05 0.05 0.15 0.05 0.05 0.25 0.05 0.25 0.05 
0.15 0.05 0.05 0.05 0.25 0.25 0 0.25 0.25 0.05 0.05 0.25 0.15 0.25 0.25 0.25 
0.05 0.15 0.15 0.15 0.25 0.25 0.25 0 0.25 0.25 0.25 0.15 0.25 0.05 0.05 0.25 
0.15 0.05 0.05 0.05 0.15 0.25 0.15 0.15 0 0.25 0.05 0.25 0.05 0.25 0.15 0.05 
0.25 0.25 0.15 0.05 0.05 0.25 0.25 0.05 0.15 0 0.25 0.05 0.25 0.15 0.15 0.25 
0.25 0.05 0.05 0.15 0.25 0.25 0.25 0.15 0.25 0.15 0 0.15 0.15 0.05 0.25 0.15 
0.15 0.25 0.25 0.25 0.25 0.25 0.05 0.15 0.25 0.05 0.15 0 0.05 0.15 0.05 0.15 
0.15 0.25 0.05 0.05 0.05 0.15 0.25 0.15 0.05 0.15 0.15 0.15 0 0.15 0.05 0.25 
0.25 0.15 0.25 0.05 0.15 0.25 0.15 0.15 0.15 0.05 0.25 0.15 0.25 0 0.05 0.05 
0.15 0.25 0.15 0.15 0.05 0.05 0.25 0.25 0.05 0.05 0.15 0.25 0.25 0.15 0 0.15 
0.05 0.05 0.15 0.05 0.15 0.25 0.25 0.05 0.05 0.25 0.25 0.05 0.25 0.25 0.05 0 
