16
0  0  0 0 0 0 1440
-318800  -704500  63 44 1 6 560
-226300  5578000  17 40 1 3 501
-486600  4273000  7 35 1 3 488
-1026600  1481900  19 36 1 4 511
441900  -1249100  15 36 1 5 599
-766600  1850000  31 31 1 6 542
-486600  6173000  43 37 1 4 596
-2761600  4089700  8 44 1 2 513
1404169  1298535  2 45 0 320 1100
-600  -176100  5 43 0 274 939
-734700  3512000  19 42 0 104 794
-2076600  1650000  21 41 0 310 1067
-866600  -11308100  11 39 0 251 1029
-299700  4592800  9 32 0 206 880
-996900  3886900  5 40 0 106 808
0 0.05 0.05 0.15 0.25 0.15 0.15 0.25 0.25 0.05 0.05 0.25 0.15 0.15 0.05 0.25 
0.25 0 0.25 0.15 0.15 0.25 0.15 0.25 0.15 0.15 0.15 0.05 0.15 0.05 0.15 0.05 
0.15 0.15 0 0.25 0.25 0.15 0.25 0.15 0.05 0.05 0.25 0.05 0.15 0.05 0.05 0.15 
0.25 0.05 0.15 0 0.15 0.05 0.25 0.25 0.15 0.15 0.05 0.25 0.05 0.05 0.15 0.25 
0.15 0.25 0.15 0.25 0 0.05 0.25 0.05 0.05 0.15 0.15 0.15 0.05 0.25 0.15 0.25 
0.15 0.25 0.25 0.15 0.25 0 0.25 0.05 0.05 0.15 0.05 0.25 0.05 0.15 0.05 0.05 
0.05 0.25 0.05 0.05 0.05 0.05 0 0.15 0.15 0.25 0.05 0.25 0.05 0.05 0.05 0.15 
0.25 0.25 0.05 0.15 0.25 0.25 0.15 0 0.15 0.25 0.15 0.05 0.25 0.15 0.15 0.25 
0.25 0.25 0.15 0.15 0.25 0.05 0.05 0.05 0 0.25 0.05 0.05 0.25 0.15 0.15 0.05 
0.25 0.25 0.15 0.25 0.25 0.25 0.15 0.25 0.15 0 0.15 0.25 0.25 0.25 0.15 0.25 
0.25 0.25 0.15 0.15 0.25 0.05 0.05 0.25 0.15 0.05 0 0.25 0.25 0.05 0.15 0.05 
0.25 0.25 0.15 0.15 0.05 0.05 0.15 0.25 0.05 0.15 0.25 0 0.05 0.15 0.25 0.25 
0.05 0.25 0.25 0.05 0.05 0.25 0.25 0.05 0.15 0.15 0.25 0.25 0 0.15 0.05 0.25 
0.25 0.05 0.05 0.15 0.05 0.25 0.25 0.05 0.05 0.05 0.05 0.25 0.05 0 0.05 0.25 
0.15 0.05 0.05 0.05 0.05 0.25 0.15 0.05 0.15 0.25 0.25 0.15 0.15 0.25 0 0.15 
0.25 0.25 0.25 0.05 0.25 0.15 0.05 0.25 0.05 0.15 0.15 0.25 0.25 0.25 0.15 0 
