16
0  0  0 0 0 0 1440
-706300  -11507200  25 44 1 1 490
-1212200  2791400  11 32 1 3 513
-996900  -10995000  10 37 1 1 527
-456600  6338200  9 45 1 2 601
-2526600  1735000  8 36 1 3 497
-417200  4458900  14 35 1 1 535
366200  -201000  8 44 1 0 543
-567200  5251700  12 37 1 0 549
-1093800  -10740800  5 32 0 349 1039
-283800  5551600  3 41 0 272 1017
-906900  -9818100  6 35 0 40 777
-417200  4205000  9 38 0 428 1185
93400  5395000  9 35 0 401 1128
-616900  4006900  7 44 0 119 841
-1052700  1918600  2 40 0 461 1145
0 0.15 0.05 0.05 0.15 0.25 0.25 0.15 0.05 0.05 0.15 0.25 0.05 0.05 0.25 0.05 
0.15 0 0.05 0.25 0.05 0.25 0.05 0.05 0.05 0.05 0.05 0.15 0.05 0.05 0.15 0.15 
0.25 0.05 0 0.15 0.25 0.15 0.15 0.25 0.15 0.15 0.25 0.25 0.05 0.25 0.05 0.15 
0.25 0.15 0.15 0 0.25 0.25 0.25 0.05 0.15 0.15 0.25 0.05 0.05 0.05 0.25 0.05 
0.05 0.15 0.15 0.05 0 0.05 0.15 0.15 0.25 0.15 0.05 0.05 0.25 0.15 0.05 0.05 
0.25 0.15 0.15 0.25 0.05 0 0.05 0.25 0.05 0.15 0.25 0.05 0.05 0.05 0.05 0.05 
0.25 0.25 0.15 0.25 0.25 0.05 0 0.25 0.05 0.25 0.15 0.25 0.15 0.05 0.15 0.25 
0.15 0.25 0.25 0.15 0.15 0.15 0.25 0 0.15 0.25 0.05 0.15 0.15 0.25 0.05 0.05 
0.15 0.05 0.25 0.15 0.15 0.25 0.05 0.05 0 0.15 0.05 0.05 0.15 0.15 0.25 0.25 
0.25 0.05 0.05 0.15 0.15 0.15 0.15 0.05 0.15 0 0.25 0.25 0.05 0.15 0.15 0.25 
0.05 0.05 0.05 0.15 0.05 0.05 0.05 0.25 0.15 0.15 0 0.05 0.25 0.05 0.25 0.15 
0.25 0.05 0.15 0.15 0.05 0.15 0.15 0.15 0.25 0.25 0.25 0 0.25 0.15 0.25 0.25 
0.15 0.15 0.25 0.25 0.15 0.05 0.05 0.25 0.25 0.25 0.05 0.05 0 0.25 0.25 0.15 
0.15 0.25 0.15 0.15 0.05 0.15 0.05 0.05 0.15 0.25 0.05 0.25 0.05 0 0.25 0.25 
0.05 0.05 0.25 0.15 0.25 0.15 0.15 0.25 0.05 0.05 0.05 0.25 0.05 0.05 0 0.25 
0.05 0.25 0.05 0.15 0.05 0.25 0.05 0.25 0.25 0.15 0.25 0.05 0.05 0.15 0.05 0 
