16
0  0  0 0 0 0 1440
-2716600  1710000  5 30 1 6 492
-256600  5446700  12 36 1 5 566
-9700  6194700  4 37 1 7 569
1190500  -338300  5 32 1 11 538
-1125400  4405800  6 31 1 2 602
1013400  -5232000  10 32 1 1 566
-881900  -10218600  1 31 1 9 506
-781700  3170100  18 41 1 14 566
-2823600  4378000  3 31 0 69 812
-866600  1721900  5 30 0 77 852
-126300  4995000  7 33 0 185 938
-787200  2043800  9 41 0 73 839
-963200  -10982100  6 33 0 237 924
-885200  -10920700  6 37 0 72 809
-1275100  3903400  9 39 0 321 1022
0 0.05 0.15 0.05 0.25 0.05 0.25 0.25 0.05 0.05 0.25 0.25 0.15 0.05 0.15 0.25 
0.05 0 0.15 0.25 0.25 0.05 0.15 0.05 0.25 0.25 0.05 0.15 0.15 0.05 0.25 0.25 
0.25 0.15 0 0.15 0.25 0.05 0.25 0.25 0.15 0.15 0.15 0.15 0.05 0.15 0.15 0.05 
0.25 0.25 0.05 0 0.15 0.15 0.15 0.15 0.15 0.25 0.15 0.25 0.25 0.25 0.05 0.25 
0.25 0.25 0.25 0.25 0 0.15 0.15 0.25 0.25 0.15 0.05 0.15 0.25 0.15 0.25 0.05 
0.15 0.25 0.25 0.25 0.05 0 0.15 0.15 0.15 0.05 0.15 0.25 0.05 0.15 0.05 0.05 
0.15 0.15 0.05 0.15 0.25 0.25 0 0.05 0.15 0.25 0.15 0.15 0.15 0.25 0.05 0.15 
0.25 0.05 0.05 0.25 0.15 0.05 0.05 0 0.25 0.15 0.05 0.05 0.15 0.25 0.05 0.25 
0.15 0.15 0.25 0.05 0.05 0.05 0.25 0.25 0 0.25 0.05 0.25 0.05 0.25 0.15 0.25 
0.15 0.15 0.25 0.15 0.15 0.05 0.05 0.15 0.05 0 0.05 0.15 0.15 0.05 0.15 0.25 
0.15 0.25 0.25 0.25 0.15 0.05 0.05 0.15 0.05 0.15 0 0.25 0.05 0.05 0.25 0.25 
0.05 0.25 0.15 0.25 0.15 0.25 0.25 0.25 0.05 0.15 0.05 0 0.05 0.25 0.25 0.05 
0.05 0.25 0.25 0.15 0.05 0.15 0.15 0.05 0.05 0.25 0.15 0.05 0 0.25 0.05 0.05 
0.05 0.15 0.15 0.15 0.25 0.25 0.05 0.25 0.25 0.05 0.05 0.05 0.05 0 0.15 0.25 
0.15 0.25 0.15 0.15 0.15 0.15 0.05 0.05 0.25 0.05 0.25 0.25 0.05 0.25 0 0.15 
0.25 0.25 0.05 0.15 0.25 0.15 0.15 0.05 0.25 0.05 0.25 0.25 0.25 0.25 0.25 0 
