param V1=20;
param COST_cm=0.00451414;
param COST_min=2000;
param K1=3;
param M=9000000;
param CV=100000;
param U=315;
param Dem:=
0 0
1 6
2 16
3 105
4 4
5 15
6 46
7 15
8 14
9 9
10 5
11 3
12 15
13 3
14 8
15 7
16 3
17 4
18 12
19 10
20 6
;

param a:=
0 0
1 0
2 0
3 0
4 0
5 0
6 0
7 0
8 0
9 0
10 0
11 125
12 277
13 165
14 170
15 228
16 358
17 355
18 296
19 172
20 91
;

param b:=
0 1440
1 550
2 557
3 580
4 592
5 516
6 598
7 571
8 521
9 532
10 575
11 902
12 1042
13 834
14 885
15 937
16 1045
17 1088
18 1041
19 919
20 789
;

param s:=
1 31
2 33
3 38
4 43
5 33
6 30
7 39
8 43
9 38
10 41
11 39
12 39
13 39
14 35
15 37
16 36
17 32
18 31
19 38
20 31
;

param D:
 0	 1	 2	 3	 4	 5	 6	 7	 8	 9	 10	 11	 12	 13	 14	 15	 16	 17	 18	 19	 20	:=
0  .  9988777.014730 4047022.269521 4690307.197828 806408.581304 2094779.358310 2599558.339411 4892401.874335 66933.773239 4768640.898621 10154944.442193 2370614.536360 1279008.131327 2971256.227591 5124087.295314 4861577.642083 2161341.178528 5694069.515733 4093653.102059 4105364.876597 4547262.781059 
1 9988777.014730  .  13982248.334942 14608196.965403 10228066.533319 11376284.414957 11551954.167586 14778882.561615 9928788.552487 14570905.699029 299236.428641 11385107.810205 10560750.846886 12523345.694342 15058578.770256 14799501.226731 11804869.714656 14726605.752854 13994374.455830 14042737.445384 14330500.615470 
2 4047022.269521 13982248.334942  .  648018.086167 4070900.206343 2851537.257340 2997214.995625 882428.314369 4100465.185805 969652.747121 14161048.822945 3033762.187450 3976663.884464 1827655.372328 1078904.277496 817843.126767 2279190.426445 3037978.489061 222910.587456 61629.376112 885267.648793 
3 4690307.197828 14608196.965403 648018.086167  .  4717600.378370 3392741.235343 3468879.370921 274959.360634 4742994.726963 617588.414723 14789696.694585 3534912.990443 4614700.745444 2298057.562377 460895.866764 237506.420966 2853824.164170 2841825.430951 616724.614394 593448.312829 718081.534368 
4 806408.581304 10228066.533319 4070900.206343 4717600.378370  .  2666400.390039 3210238.003638 4947964.682574 852080.518496 4897579.306147 10374882.417031 2989005.627295 494730.512502 3341261.356135 5120028.157149 4858785.948156 2563254.519161 6100619.739830 4159305.812272 4124209.947372 4697182.900420 
5 2094779.358310 11376284.414957 2851537.257340 3392741.235343 2666400.390039  .  559128.786596 3506701.358827 2108432.083326 3231539.487613 11576594.329388 370329.690951 2943934.408237 1151650.923674 3853039.850560 3615393.147363 626095.112583 3659488.719753 2787716.405950 2912176.370002 2986532.116017 
6 2599558.339411 11551954.167586 2997214.995625 3468879.370921 3210238.003638 559128.786596  .  3541468.681211 2606207.944505 3210148.510583 11762222.064611 229771.799836 3500153.253788 1174622.003029 3920318.493439 3701687.670509 1031888.603484 3294388.515339 2894344.789413 3054834.727117 2965782.035147 
7 4892401.874335 14778882.561615 882428.314369 274959.360634 4947964.682574 3506701.358827 3541468.681211  .  4943444.193070 455094.715416 14963809.883062 3623642.104292 4859091.917221 2384259.241358 422987.765781 359134.807558 2993822.969048 2640915.328063 798885.886720 834243.255891 637097.559248 
8 66933.773239 9928788.552487 4100465.185805 4742994.726963 852080.518496 2108432.083326 2606207.944505 4943444.193070  .  4815579.110554 10095709.367322 2376824.059538 1330669.399212 3003359.402403 5178038.526315 4915642.725016 2193254.134842 5719326.841509 4144874.238140 4158999.422938 4593113.655245 
9 4768640.898621 14570905.699029 969652.747121 617588.414723 4897579.306147 3231539.487613 3210148.510583 455094.715416 4815579.110554  .  14762236.476944 3312153.393187 4854255.182827 2085276.645915 872616.439222 794613.044192 2766110.997411 2224505.178686 792463.210503 945505.732399 245714.834717 
10 10154944.442193 299236.428641 14161048.822945 14789696.694585 10374882.417031 11576594.329388 11762222.064611 14963809.883062 10095709.367322 14762236.476944  .  11592478.568694 10698248.354363 12721553.121134 15238456.340057 14978704.208583 11996265.143645 14950266.827660 14176944.146650 14221328.325731 14522663.745912 
11 2370614.536360 11385107.810205 3033762.187450 3534912.990443 2989005.627295 370329.690951 229771.799836 3623642.104292 2376824.059538 3312153.393187 11592478.568694  .  3288178.833336 1239694.143731 3991040.321771 3764421.725843 933309.857443 3503178.050000 2946204.181655 3092849.451558 3066625.885236 
12 1279008.131327 10560750.846886 3976663.884464 4614700.745444 494730.512502 2943934.408237 3500153.253788 4859091.917221 1330669.399212 4854255.182827 10698248.354363 3288178.833336  .  3476662.774846 4992923.789725 4735735.517319 2743224.819442 6220635.550328 4088897.875956 4025891.316218 4669590.273247 
13 2971256.227591 12523345.694342 1827655.372328 2298057.562377 3341261.356135 1151650.923674 1174622.003029 2384259.241358 3003359.402403 2085276.645915 12721553.121134 1239694.143731 3476662.774846  .  2752573.261514 2529420.680709 810105.993065 2759360.683202 1719750.659253 1884268.075408 1839687.932776 
14 5124087.295314 15058578.770256 1078904.277496 460895.866764 5120028.157149 3853039.850560 3920318.493439 422987.765781 5178038.526315 872616.439222 15238456.340057 3991040.321771 4992923.789725 2752573.261514  .  262852.239861 3314259.096691 2999027.805806 1075646.898383 1019550.342063 1059180.858022 
15 4861577.642083 14799501.226731 817843.126767 237506.420966 4858785.948156 3615393.147363 3701687.670509 359134.807558 4915642.725016 794613.044192 14978704.208583 3764421.725843 4735735.517319 2529420.680709 262852.239861  .  3067463.724317 2999402.667199 829095.440827 758000.000000 932436.941568 
16 2161341.178528 11804869.714656 2279190.426445 2853824.164170 2563254.519161 626095.112583 1031888.603484 2993822.969048 2193254.134842 2766110.997411 11996265.143645 933309.857443 2743224.819442 810105.993065 3314259.096691 3067463.724317  .  3550766.252515 2239260.156838 2340618.999325 2526491.331867 
17 5694069.515733 14726605.752854 3037978.489061 2841825.430951 6100619.739830 3659488.719753 3294388.515339 2640915.328063 5719326.841509 2224505.178686 14950266.827660 3503178.050000 6220635.550328 2759360.683202 2999027.805806 2999402.667199 3550766.252515  .  2816196.763367 3041662.499358 2185922.800558 
18 4093653.102059 13994374.455830 222910.587456 616724.614394 4159305.812272 2787716.405950 2894344.789413 798885.886720 4144874.238140 792463.210503 14176944.146650 2946204.181655 4088897.875956 1719750.659253 1075646.898383 829095.440827 2239260.156838 2816196.763367  .  239794.182582 678139.956056 
19 4105364.876597 14042737.445384 61629.376112 593448.312829 4124209.947372 2912176.370002 3054834.727117 834243.255891 4158999.422938 945505.732399 14221328.325731 3092849.451558 4025891.316218 1884268.075408 1019550.342063 758000.000000 2340618.999325 3041662.499358 239794.182582  .  876193.500318 
20 4547262.781059 14330500.615470 885267.648793 718081.534368 4697182.900420 2986532.116017 2965782.035147 637097.559248 4593113.655245 245714.834717 14522663.745912 3066625.885236 4669590.273247 1839687.932776 1059180.858022 932436.941568 2526491.331867 2185922.800558 678139.956056 876193.500318  .  
;

param t:
 0	 1	 2	 3	 4	 5	 6	 7	 8	 9	 10	 11	 12	 13	 14	 15	 16	 17	 18	 19	 20	:=
0  .  119.865324 48.564267 56.283686 9.676903 25.137352 31.194700 58.708822 0.803205 57.223691 121.859333 28.447374 15.348098 35.655075 61.489048 58.338932 25.936094 68.328834 49.123837 49.264379 54.567153 
1 119.865324  .  167.786980 175.298364 122.736798 136.515413 138.623450 177.346591 119.145463 174.850868 3.590837 136.621294 126.729010 150.280148 180.702945 177.594015 141.658437 176.719269 167.932493 168.512849 171.966007 
2 48.564267 167.786980  .  7.776217 48.850802 34.218447 35.966580 10.589140 49.205582 11.635833 169.932586 36.405146 47.719967 21.931864 12.946851 9.814118 27.350285 36.455742 2.674927 0.739553 10.623212 
3 56.283686 175.298364 7.776217  .  56.611205 40.712895 41.626552 3.299512 56.915937 7.411061 177.476360 42.418956 55.376409 27.576691 5.530750 2.850077 34.245890 34.101905 7.400695 7.121380 8.616978 
4 9.676903 122.736798 48.850802 56.611205  .  31.996805 38.522856 59.375576 10.224966 58.770952 124.498589 35.868068 5.936766 40.095136 61.440338 58.305431 30.759054 73.207437 49.911670 49.490519 56.366195 
5 25.137352 136.515413 34.218447 40.712895 31.996805  .  6.709545 42.080416 25.301185 38.778474 138.919132 4.443956 35.327213 13.819811 46.236478 43.384718 7.513141 43.913865 33.452597 34.946116 35.838385 
6 31.194700 138.623450 35.966580 41.626552 38.522856 6.709545  .  42.497624 31.274495 38.521782 141.146665 2.757262 42.001839 14.095464 47.043822 44.420252 12.382663 39.532662 34.732137 36.658017 35.589384 
7 58.708822 177.346591 10.589140 3.299512 59.375576 42.080416 42.497624  .  59.321330 5.461137 179.565719 43.483705 58.309103 28.611111 5.075853 4.309618 35.925876 31.690984 9.586631 10.010919 7.645171 
8 0.803205 119.145463 49.205582 56.915937 10.224966 25.301185 31.274495 59.321330  .  57.786949 121.148512 28.521889 15.968033 36.040313 62.136462 58.987713 26.319050 68.631922 49.738491 49.907993 55.117364 
9 57.223691 174.850868 11.635833 7.411061 58.770952 38.778474 38.521782 5.461137 57.786949  .  177.146838 39.745841 58.251062 25.023320 10.471397 9.535357 33.193332 26.694062 9.509559 11.346069 2.948578 
10 121.859333 3.590837 169.932586 177.476360 124.498589 138.919132 141.146665 179.565719 121.148512 177.146838  .  139.109743 128.378980 152.658637 182.861476 179.744451 143.955182 179.403202 170.123330 170.655940 174.271965 
11 28.447374 136.621294 36.405146 42.418956 35.868068 4.443956 2.757262 43.483705 28.521889 39.745841 139.109743  .  39.458146 14.876330 47.892484 45.173061 11.199718 42.038137 35.354450 37.114193 36.799511 
12 15.348098 126.729010 47.719967 55.376409 5.936766 35.327213 42.001839 58.309103 15.968033 58.251062 128.378980 39.458146  .  41.719953 59.915085 56.828826 32.918698 74.647627 49.066775 48.310696 56.035083 
13 35.655075 150.280148 21.931864 27.576691 40.095136 13.819811 14.095464 28.611111 36.040313 25.023320 152.658637 14.876330 41.719953  .  33.030879 30.353048 9.721272 33.112328 20.637008 22.611217 22.076255 
14 61.489048 180.702945 12.946851 5.530750 61.440338 46.236478 47.043822 5.075853 62.136462 10.471397 182.861476 47.892484 59.915085 33.030879  .  3.154227 39.771109 35.988334 12.907763 12.234604 12.710170 
15 58.338932 177.594015 9.814118 2.850077 58.305431 43.384718 44.420252 4.309618 58.987713 9.535357 179.744451 45.173061 56.828826 30.353048 3.154227  .  36.809565 35.992832 9.949145 9.096000 11.189243 
16 25.936094 141.658437 27.350285 34.245890 30.759054 7.513141 12.382663 35.925876 26.319050 33.193332 143.955182 11.199718 32.918698 9.721272 39.771109 36.809565  .  42.609195 26.871122 28.087428 30.317896 
17 68.328834 176.719269 36.455742 34.101905 73.207437 43.913865 39.532662 31.690984 68.631922 26.694062 179.403202 42.038137 74.647627 33.112328 35.988334 35.992832 42.609195  .  33.794361 36.499950 26.231074 
18 49.123837 167.932493 2.674927 7.400695 49.911670 33.452597 34.732137 9.586631 49.738491 9.509559 170.123330 35.354450 49.066775 20.637008 12.907763 9.949145 26.871122 33.794361  .  2.877530 8.137679 
19 49.264379 168.512849 0.739553 7.121380 49.490519 34.946116 36.658017 10.010919 49.907993 11.346069 170.655940 37.114193 48.310696 22.611217 12.234604 9.096000 28.087428 36.499950 2.877530  .  10.514322 
20 54.567153 171.966007 10.623212 8.616978 56.366195 35.838385 35.589384 7.645171 55.117364 2.948578 174.271965 36.799511 56.035083 22.076255 12.710170 11.189243 30.317896 26.231074 8.137679 10.514322  .  
;

