param V1=20;
param COST_cm=0.00451414;
param COST_min=2000;
param K1=4;
param M=9000000;
param CV=100000;
param U=114;
param Dem:=
0 0
1 3
2 10
3 13
4 15
5 4
6 3
7 38
8 10
9 5
10 6
11 20
12 4
13 7
14 1
15 25
16 9
17 11
18 21
19 13
20 4
;

param a:=
0 0
1 1
2 1
3 3
4 1
5 5
6 0
7 1
8 1
9 4
10 1
11 89
12 311
13 106
14 396
15 116
16 270
17 280
18 175
19 247
20 239
;

param b:=
0 1440
1 488
2 548
3 522
4 551
5 494
6 584
7 495
8 514
9 538
10 499
11 772
12 1052
13 773
14 1176
15 850
16 1011
17 996
18 925
19 983
20 947
;

param s:=
1 31
2 39
3 34
4 38
5 33
6 31
7 34
8 38
9 34
10 35
11 35
12 39
13 37
14 34
15 44
16 37
17 32
18 41
19 31
20 33
;

param D:
 0	 1	 2	 3	 4	 5	 6	 7	 8	 9	 10	 11	 12	 13	 14	 15	 16	 17	 18	 19	 20	:=
0  .  5209568.212434 5227622.329511 3331325.180765 502702.864523 4574460.144104 10583514.248112 6527299.212098 4045454.818682 3127311.722550 9489620.637307 6696534.788979 1743399.168292 3683306.172449 517925.834459 11528855.603658 4113687.012888 3043245.438672 2652313.623989 5570999.923707 4985478.248874 
1 5209568.212434  .  2865337.344886 2044715.750416 5623750.265615 1808559.893949 15022607.595221 3205766.820507 2442938.453993 2737429.065748 14063672.954104 3009243.908360 5420285.854086 1531285.120414 5299508.676283 16025683.708660 2334416.629482 2261395.480671 2828425.887309 2561477.222921 386349.077908 
2 5227622.329511 2865337.344886  .  2419103.056920 5729098.680421 1205419.267309 15789036.439884 1331621.887797 1243615.684205 4409555.783750 14710836.539776 1605435.330370 4480176.286710 2761779.661740 5568618.687790 16745559.386596 1219698.036401 2682901.477878 4093057.500207 555871.052084 3114222.806737 
3 3331325.180765 2044715.750416 2419103.056920  .  3793121.939775 1381210.298977 13632257.606868 3509613.393589 1242684.710616 2035323.288817 12601168.813249 3568996.973941 3375653.898136 679138.881231 3528694.972649 14612127.234937 1223294.935819 304686.757179 1674616.523267 2543759.019354 1954276.492721 
4 502702.864523 5623750.265615 5729098.680421 3793121.939775  .  5059405.484837 10081218.083644 7026487.092428 4542645.927210 3396098.903153 8986952.823399 7191451.003101 2094100.859558 4107755.154583 405048.984692 11026158.737294 4609120.194788 3499601.024403 2970824.271141 6068231.239344 5382376.991627 
5 4574460.144104 1808559.893949 1205419.267309 1381210.298977 5059405.484837  .  14995000.736579 2134616.466033 749704.848590 3258713.933441 13952467.383585 2190238.464186 4226295.452284 1583852.130093 4833071.456124 15970220.668482 633807.581211 1679990.491045 3003175.667523 1183432.202682 1989138.431583 
6 10583514.248112 15022607.595221 15789036.439884 13632257.606868 10081218.083644 14995000.736579  .  17057838.625121 14572601.511398 12291372.913145 1206337.432065 17179136.216353 11797381.435725 13714886.255453 10220456.299501 1019189.702656 14625893.254089 13327900.695909 12231401.079190 16086301.341177 14679114.195686 
7 6527299.212098 3205766.820507 1331621.887797 3509613.393589 7026487.092428 2134616.466033 17057838.625121  .  2488109.744336 5352827.238204 15992975.779718 430696.855875 5808412.112106 3671997.956190 6846167.529243 18022259.601112 2431956.753370 3802437.355258 5133478.055223 974846.966472 3550768.444501 
8 4045454.818682 2442938.453993 1243615.684205 1242684.710616 4542645.927210 749704.848590 14572601.511398 2488109.744336  .  3276961.986353 13505016.172149 2654418.928881 3527367.121523 1737722.144073 4358110.794828 15535096.936936 116682.175160 1473514.088837 2903536.996492 1525609.624624 2549320.007375 
9 3127311.722550 2737429.065748 4409555.783750 2035323.288817 3396098.903153 3258713.933441 12291372.913145 5352827.238204 3276961.986353  .  11347222.880071 5317744.233225 4130909.252211 1682238.975295 3005847.933612 13296921.331647 3250542.854663 1845934.627770 582817.372768 4436269.505716 2387842.289600 
10 9489620.637307 14063672.954104 14710836.539776 12601168.813249 8986952.823399 13952467.383585 1206337.432065 15992975.779718 13505016.172149 11347222.880071  .  16128652.861910 10650283.692935 12717107.572086 9146951.184411 2046322.714041 13562440.690377 12296482.544208 11251551.908959 15024908.271572 13729717.133648 
11 6696534.788979 3009243.908360 1605435.330370 3568996.973941 7191451.003101 2190238.464186 17179136.216353 430696.855875 2654418.928881 5317744.233225 16128652.861910  .  6072914.463419 3651549.996919 6990648.193837 18151012.511978 2582877.716811 3869581.871469 5143496.291434 1138941.673021 3372363.113604 
12 1743399.168292 5420285.854086 4480176.286710 3375653.898136 2094100.859558 4226295.452284 11797381.435725 5808412.112106 3527367.121523 4130909.252211 10650283.692935 6072914.463419  .  3959565.433226 2259991.205735 12695386.289909 3629451.432379 3180922.649170 3557024.590862 4943387.402111 5310621.267799 
13 3683306.172449 1531285.120414 2761779.661740 679138.881231 4107755.154583 1583852.130093 13714886.255453 3671997.956190 1737722.144073 1682238.975295 12717107.572086 3651549.996919 3959565.433226  .  3797432.770965 14706977.382522 1681629.733324 783046.792982 1510041.827235 2755618.831541 1358116.434626 
14 517925.834459 5299508.676283 5568618.687790 3528694.972649 405048.984692 4833071.456124 10220456.299501 6846167.529243 4358110.794828 3005847.933612 9146951.184411 6990648.193837 2259991.205735 3797432.770965  .  11178390.979922 4416705.112411 3229195.505076 2599054.753175 5879387.292545 5045154.606154 
15 11528855.603658 16025683.708660 16745559.386596 14612127.234937 11026158.737294 15970220.668482 1019189.702656 18022259.601112 15535096.936936 13296921.331647 2046322.714041 18151012.511978 12695386.289909 14706977.382522 11178390.979922  .  15590661.154999 14307546.846682 13228364.748902 17052441.662564 15684225.798553 
16 4113687.012888 2334416.629482 1219698.036401 1223294.935819 4609120.194788 633807.581211 14625893.254089 2431956.753370 116682.175160 3250542.854663 13562440.690377 2582877.716811 3629451.432379 1681629.733324 4416705.112411 15590661.154999  .  1470395.280188 2894149.754246 1462682.976432 2448525.076449 
17 3043245.438672 2261395.480671 2682901.477878 304686.757179 3499601.024403 1679990.491045 13327900.695909 3802437.355258 1473514.088837 1845934.627770 12296482.544208 3869581.871469 3180922.649170 783046.792982 3229195.505076 14307546.846682 1470395.280188  .  1431775.582974 2833195.520670 2129881.642252 
18 2652313.623989 2828425.887309 4093057.500207 1674616.523267 2970824.271141 3003175.667523 12231401.079190 5133478.055223 2903536.996492 582817.372768 11251551.908959 5143496.291434 3557024.590862 1510041.827235 2599054.753175 13228364.748902 2894149.754246 1431775.582974  .  4185492.872715 2522973.049797 
19 5570999.923707 2561477.222921 555871.052084 2543759.019354 6068231.239344 1183432.202682 16086301.341177 974846.966472 1525609.624624 4436269.505716 15024908.271572 1138941.673021 4943387.402111 2755618.831541 5879387.292545 17052441.662564 1462682.976432 2833195.520670 4185492.872715  .  2856494.128078 
20 4985478.248874 386349.077908 3114222.806737 1954276.492721 5382376.991627 1989138.431583 14679114.195686 3550768.444501 2549320.007375 2387842.289600 13729717.133648 3372363.113604 5310621.267799 1358116.434626 5045154.606154 15684225.798553 2448525.076449 2129881.642252 2522973.049797 2856494.128078  .  
;

param t:
 0	 1	 2	 3	 4	 5	 6	 7	 8	 9	 10	 11	 12	 13	 14	 15	 16	 17	 18	 19	 20	:=
0  .  62.514819 62.731468 39.975902 6.032434 54.893522 127.002171 78.327591 48.545458 37.527741 113.875448 80.358417 20.920790 44.199674 6.215110 138.346267 49.364244 36.518945 31.827763 66.851999 59.825739 
1 62.514819  .  34.384048 24.536589 67.485003 21.702719 180.271291 38.469202 29.315261 32.849149 168.764075 36.110927 65.043430 18.375421 63.594104 192.308205 28.013000 27.136746 33.941111 30.737727 4.636189 
2 62.731468 34.384048  .  29.029237 68.749184 14.465031 189.468437 15.979463 14.923388 52.914669 176.530038 19.265224 53.762115 33.141356 66.823424 200.946713 14.636376 32.194818 49.116690 6.670453 37.370674 
3 39.975902 24.536589 29.029237  .  45.517463 16.574524 163.587091 42.115361 14.912217 24.423879 151.214026 42.827964 40.507847 8.149667 42.344340 175.345527 14.679539 3.656241 20.095398 30.525108 23.451318 
4 6.032434 67.485003 68.749184 45.517463  .  60.712866 120.974617 84.317845 54.511751 40.753187 107.843434 86.297412 25.129210 49.293062 4.860588 132.313905 55.309442 41.995212 35.649891 72.818775 64.588524 
5 54.893522 21.702719 14.465031 16.574524 60.712866  .  179.940009 25.615398 8.996458 39.104567 167.429609 26.282862 50.715545 19.006226 57.996857 191.642648 7.605691 20.159886 36.038108 14.201186 23.869661 
6 127.002171 180.271291 189.468437 163.587091 120.974617 179.940009  .  204.694064 174.871218 147.496475 14.476049 206.149635 141.568577 164.578635 122.645476 12.230276 175.510719 159.934808 146.776813 193.035616 176.149370 
7 78.327591 38.469202 15.979463 42.115361 84.317845 25.615398 204.694064  .  29.857317 64.233927 191.915709 5.168362 69.700945 44.063975 82.154010 216.267115 29.183481 45.629248 61.601737 11.698164 42.609221 
8 48.545458 29.315261 14.923388 14.912217 54.511751 8.996458 174.871218 29.857317  .  39.323544 162.060194 31.853027 42.328405 20.852666 52.297330 186.421163 1.400186 17.682169 34.842444 18.307315 30.591840 
9 37.527741 32.849149 52.914669 24.423879 40.753187 39.104567 147.496475 64.233927 39.323544  .  136.166675 63.812931 49.570911 20.186868 36.070175 159.563056 39.006514 22.151216 6.993808 53.235234 28.654107 
10 113.875448 168.764075 176.530038 151.214026 107.843434 167.429609 14.476049 191.915709 162.060194 136.166675  .  193.543834 127.803404 152.605291 109.763414 24.555873 162.749288 147.557791 135.018623 180.298899 164.756606 
11 80.358417 36.110927 19.265224 42.827964 86.297412 26.282862 206.149635 5.168362 31.853027 63.812931 193.543834  .  72.874974 43.818600 83.887778 217.812150 30.994533 46.434982 61.721955 13.667300 40.468357 
12 20.920790 65.043430 53.762115 40.507847 25.129210 50.715545 141.568577 69.700945 42.328405 49.570911 127.803404 72.874974  .  47.514785 27.119894 152.344635 43.553417 38.171072 42.684295 59.320649 63.727455 
13 44.199674 18.375421 33.141356 8.149667 49.293062 19.006226 164.578635 44.063975 20.852666 20.186868 152.605291 43.818600 47.514785  .  45.569193 176.483729 20.179557 9.396562 18.120502 33.067426 16.297397 
14 6.215110 63.594104 66.823424 42.344340 4.860588 57.996857 122.645476 82.154010 52.297330 36.070175 109.763414 83.887778 27.119894 45.569193  .  134.140692 53.000461 38.750346 31.188657 70.552648 60.541855 
15 138.346267 192.308205 200.946713 175.345527 132.313905 191.642648 12.230276 216.267115 186.421163 159.563056 24.555873 217.812150 152.344635 176.483729 134.140692  .  187.087934 171.690562 158.740377 204.629300 188.210710 
16 49.364244 28.013000 14.636376 14.679539 55.309442 7.605691 175.510719 29.183481 1.400186 39.006514 162.749288 30.994533 43.553417 20.179557 53.000461 187.087934  .  17.644743 34.729797 17.552196 29.382301 
17 36.518945 27.136746 32.194818 3.656241 41.995212 20.159886 159.934808 45.629248 17.682169 22.151216 147.557791 46.434982 38.171072 9.396562 38.750346 171.690562 17.644743  .  17.181307 33.998346 25.558580 
18 31.827763 33.941111 49.116690 20.095398 35.649891 36.038108 146.776813 61.601737 34.842444 6.993808 135.018623 61.721955 42.684295 18.120502 31.188657 158.740377 34.729797 17.181307  .  50.225914 30.275677 
19 66.851999 30.737727 6.670453 30.525108 72.818775 14.201186 193.035616 11.698164 18.307315 53.235234 180.298899 13.667300 59.320649 33.067426 70.552648 204.629300 17.552196 33.998346 50.225914  .  34.277930 
20 59.825739 4.636189 37.370674 23.451318 64.588524 23.869661 176.149370 42.609221 30.591840 28.654107 164.756606 40.468357 63.727455 16.297397 60.541855 188.210710 29.382301 25.558580 30.275677 34.277930  .  
;

