param V1=20;
param COST_cm=0.00451414;
param COST_min=2000;
param K1=3;
param M=9000000;
param CV=100000;
param U=231;
param Dem:=
0 0
1 16
2 14
3 14
4 18
5 77
6 6
7 15
8 25
9 2
10 20
11 1
12 16
13 3
14 17
15 14
16 2
17 18
18 3
19 11
20 13
;

param a:=
0 0
1 0
2 6
3 3
4 8
5 7
6 1
7 6
8 2
9 8
10 2
11 263
12 159
13 187
14 142
15 62
16 157
17 284
18 153
19 140
20 143
;

param b:=
0 1440
1 490
2 565
3 485
4 541
5 531
6 501
7 595
8 575
9 530
10 586
11 1010
12 819
13 880
14 894
15 832
16 831
17 962
18 914
19 822
20 856
;

param s:=
1 36
2 31
3 45
4 41
5 43
6 40
7 42
8 31
9 41
10 30
11 42
12 33
13 40
14 35
15 38
16 35
17 34
18 39
19 30
20 31
;

param D:
 0	 1	 2	 3	 4	 5	 6	 7	 8	 9	 10	 11	 12	 13	 14	 15	 16	 17	 18	 19	 20	:=
0  .  5836119.248268 4066892.361497 802883.634159 5165572.437785 3964294.946141 5162877.024489 1526822.962887 1954987.624002 3738360.651409 1524538.700722 3108696.633404 4640264.061452 10583514.286380 4325518.368936 3155504.012040 11127311.882481 10653684.089553 2971256.227591 10590060.680657 3247622.530406 
1 5836119.248268  .  1859126.074262 5959113.139554 1099684.286511 1874992.826653 2299301.730961 5353849.762554 4123932.047209 2702860.943519 5146898.884765 4565378.526753 2518981.421130 16289107.940277 1726059.002468 2890866.003467 16825559.111364 16349079.545956 3183967.752663 16281536.198406 2588513.693222 
2 4066892.361497 1859126.074262  .  4301574.043301 1673207.318296 570775.770334 1704807.194377 3851276.993414 2272219.340205 1024966.575065 3636320.520801 2841049.058876 1466678.110561 14438235.309414 1213769.006030 1032557.954790 14973529.415939 14496994.880319 1331132.574164 14429071.255628 927056.125593 
3 802883.634159 5959113.139554 4301574.043301  .  5169581.315735 4094390.349002 5585426.798374 930705.501219 2444734.950869 4153024.166797 1028925.935138 3799900.179733 5084240.644383 10754389.489878 4335639.197396 3505261.442460 11300655.676553 10831988.515965 3379977.186314 10771701.929129 3410141.699402 
4 5165572.437785 1099684.286511 1673207.318296 5169581.315735  .  1350061.780068 2865024.903906 4473413.825033 3681263.370095 2693484.035594 4276557.910283 4504885.912644 2886738.569736 15730043.949080 840799.720504 2601064.928063 16271651.511140 15796434.044746 2913176.472512 15731202.865960 2022352.800577 
5 3964294.946141 1874992.826653 570775.770334 4094390.349002 1350061.780068  .  2256849.337018 3542859.446831 2345846.288656 1507380.197561 3330669.687916 3205331.304458 2037434.234521 14464208.136293 695838.846286 1264058.246285 15003358.642984 14527289.592350 1574325.649286 14460846.615603 720437.006268 
6 5162877.024489 2299301.730961 1704807.194377 5585426.798374 2865024.903906 2256849.337018  .  5317250.553623 3208134.302052 1433415.658488 5105230.848845 2815119.221408 537963.985783 14984427.656070 2784600.404008 2096950.876869 15504736.098367 15030674.244690 2207759.719716 14959176.718322 2527117.055065 
7 1526822.962887 5353849.762554 3851276.993414 930705.501219 4473413.825033 3542859.446831 5317250.553623  .  2440795.208533 3921281.678227 215046.064833 4004777.038855 4857088.564150 11638791.985855 3663534.348140 3227284.463756 12185259.153994 11718880.717884 3183346.259834 11659807.882637 2925532.447265 
8 1954987.624002 4123932.047209 2272219.340205 2444734.950869 3681263.370095 2345846.288656 3208134.302052 2440795.208533  .  1788241.105109 2261666.544829 1632232.760956 2685588.496028 12166571.359261 2899133.348089 1266675.475408 12702343.126368 12225829.155113 1034623.197111 12158104.112484 1662391.906260 
9 3738360.651409 2702860.943519 1024966.575065 4153024.166797 2693484.035594 1507380.197561 1433415.658488 3921281.678227 1788241.105109  .  3712529.031536 1867187.545732 938559.172349 13780299.992743 2199198.472171 702162.381504 14308809.791524 13832821.667324 774364.520107 13762999.231999 1369709.494747 
10 1524538.700722 5146898.884765 3636320.520801 1028925.935138 4276557.910283 3330669.687916 5105230.848845 215046.064833 2261666.544829 3712529.031536  .  3844398.947240 4647432.840827 11774872.780629 3462207.418685 3017098.062709 12321272.571451 11853577.937905 2978739.451513 11793805.533839 2710698.295643 
11 3108696.633404 4565378.526753 2841049.058876 3799900.179733 4504885.912644 3205331.304458 2815119.221408 4004777.038855 1632232.760956 1867187.545732 3844398.947240  .  2309500.712478 12182994.877235 3886701.192289 1957896.144932 12700059.461559 12226945.875096 1665810.827897 12154931.473461 2740785.764218 
12 4640264.061452 2518981.421130 1466678.110561 5084240.644383 2886738.569736 2037434.234521 537963.985783 4857088.564150 2685588.496028 938559.172349 4647432.840827 2309500.712478  .  14460566.868902 2648360.708061 1630687.649429 14982254.051043 14507797.110520 1705175.008613 14436548.898542 2168337.192413 
13 10583514.286380 16289107.940277 14438235.309414 10754389.489878 15730043.949080 14464208.136293 14984427.656070 11638791.985855 12166571.359261 13780299.992743 11774872.780629 12182994.877235 14460566.868902  .  14894510.493803 13418123.399343 546468.169247 125563.091711 13144836.901232 147201.528525 13746382.052380 
14 4325518.368936 1726059.002468 1213769.006030 4335639.197396 840799.720504 695838.846286 2784600.404008 3663534.348140 2899133.348089 2199198.472171 3462207.418685 3886701.192289 2648360.708061 14894510.493803  .  1932213.510459 15436555.397173 14961572.166053 2236166.686542 14896611.502620 1240953.480192 
15 3155504.012040 2890866.003467 1032557.954790 3505261.442460 2601064.928063 1264058.246285 2096950.876869 3227284.463756 1266675.475408 702162.381504 3017098.062709 1957896.144932 1630687.649429 13418123.399343 1932213.510459  .  13952177.766213 13475640.097969 312166.622175 13407329.096058 819406.327776 
16 11127311.882481 16825559.111364 14973529.415939 11300655.676553 16271651.511140 15003358.642984 15504736.098367 12185259.153994 12702343.126368 14308809.791524 12321272.571451 12700059.461559 14982254.051043 546468.169247 15436555.397173 13952177.766213  .  476542.978125 13677578.894673 545904.066664 14285921.064111 
17 10653684.089553 16349079.545956 14496994.880319 10831988.515965 15796434.044746 14527289.592350 15030674.244690 11718880.717884 12225829.155113 13832821.667324 11853577.937905 12226945.875096 14507797.110520 125563.091711 14961572.166053 13475640.097969 476542.978125  .  13201094.365620 77007.661956 13809954.769658 
18 2971256.227591 3183967.752663 1331132.574164 3379977.186314 2913176.472512 1574325.649286 2207759.719716 3183346.259834 1034623.197111 774364.520107 2978739.451513 1665810.827897 1705175.008613 13144836.901232 2236166.686542 312166.622175 13677578.894673 13201094.365620  .  13132391.567799 1078978.373277 
19 10590060.680657 16281536.198406 14429071.255628 10771701.929129 15731202.865960 14460846.615603 14959176.718322 11659807.882637 12158104.112484 13762999.231999 11793805.533839 12154931.473461 14436548.898542 147201.528525 14896611.502620 13407329.096058 545904.066664 77007.661956 13132391.567799  .  13743699.277851 
20 3247622.530406 2588513.693222 927056.125593 3410141.699402 2022352.800577 720437.006268 2527117.055065 2925532.447265 1662391.906260 1369709.494747 2710698.295643 2740785.764218 2168337.192413 13746382.052380 1240953.480192 819406.327776 14285921.064111 13809954.769658 1078978.373277 13743699.277851  .  
;

param t:
 0	 1	 2	 3	 4	 5	 6	 7	 8	 9	 10	 11	 12	 13	 14	 15	 16	 17	 18	 19	 20	:=
0  .  70.033431 48.802708 9.634604 61.986869 47.571539 61.954524 18.321876 23.459851 44.860328 18.294464 37.304360 55.683169 127.002171 51.906220 37.866048 133.527743 127.844209 35.655075 127.080728 38.971470 
1 70.033431  .  22.309513 71.509358 13.196211 22.499914 27.591621 64.246197 49.487185 32.434331 61.762787 54.784542 30.227777 195.469295 20.712708 34.690392 201.906709 196.188955 38.207613 195.378434 31.062164 
2 48.802708 22.309513  .  51.618889 20.078488 6.849309 20.457686 46.215324 27.266632 12.299599 43.635846 34.092589 17.600137 173.258824 14.565228 12.390695 179.682353 173.963939 15.973591 173.148855 11.124674 
3 9.634604 71.509358 51.618889  .  62.034976 49.132684 67.025122 11.168466 29.336819 49.836290 12.347111 45.598802 61.010888 129.052674 52.027670 42.063137 135.607868 129.983862 40.559726 129.260423 40.921700 
4 61.986869 13.196211 20.078488 62.034976  .  16.200741 34.380299 53.680966 44.175160 32.321808 51.318695 54.058631 34.640863 188.760527 10.089597 31.212779 195.259818 189.557209 34.958118 188.774434 24.268234 
5 47.571539 22.499914 6.849309 49.132684 16.200741  .  27.082192 42.514313 28.150155 18.088562 39.968036 38.463976 24.449211 173.570498 8.350066 15.168699 180.040304 174.327475 18.891908 173.530159 8.645244 
6 61.954524 27.591621 20.457686 67.025122 34.380299 27.082192  .  63.807007 38.497612 17.200988 61.262770 33.781431 6.455568 179.813132 33.415205 25.163411 186.056833 180.368091 26.493117 179.510121 30.325405 
7 18.321876 64.246197 46.215324 11.168466 53.680966 42.514313 63.807007  .  29.289543 47.055380 2.580553 48.057324 58.285063 139.665504 43.962412 38.727414 146.223110 140.626569 38.200155 139.917695 35.106389 
8 23.459851 49.487185 27.266632 29.336819 44.175160 28.150155 38.497612 29.289543  .  21.458893 27.139999 19.586793 32.227062 145.998856 34.789600 15.200106 152.428118 146.709950 12.415478 145.897249 19.948703 
9 44.860328 32.434331 12.299599 49.836290 32.321808 18.088562 17.200988 47.055380 21.458893  .  44.550348 22.406251 11.262710 165.363600 26.390382 8.425949 171.705717 165.993860 9.292374 165.155991 16.436514 
10 18.294464 61.762787 43.635846 12.347111 51.318695 39.968036 61.262770 2.580553 27.139999 44.550348  .  46.132787 55.769194 141.298473 41.546489 36.205177 147.855271 142.242935 35.744873 141.525666 32.528380 
11 37.304360 54.784542 34.092589 45.598802 54.058631 38.463976 33.781431 48.057324 19.586793 22.406251 46.132787  .  27.714009 146.195939 46.640414 23.494754 152.400714 146.723351 19.989730 145.859178 32.889429 
12 55.683169 30.227777 17.600137 61.010888 34.640863 24.449211 6.455568 58.285063 32.227062 11.262710 55.769194 27.714009  .  173.526802 31.780328 19.568252 179.787049 174.093565 20.462100 173.238587 26.020046 
13 127.002171 195.469295 173.258824 129.052674 188.760527 173.570498 179.813132 139.665504 145.998856 165.363600 141.298473 146.195939 173.526802  .  178.734126 161.017481 6.557618 1.506757 157.738043 1.766418 164.956585 
14 51.906220 20.712708 14.565228 52.027670 10.089597 8.350066 33.415205 43.962412 34.789600 26.390382 41.546489 46.640414 31.780328 178.734126  .  23.186562 185.238665 179.538866 26.834000 178.759338 14.891442 
15 37.866048 34.690392 12.390695 42.063137 31.212779 15.168699 25.163411 38.727414 15.200106 8.425949 36.205177 23.494754 19.568252 161.017481 23.186562  .  167.426133 161.707681 3.745999 160.887949 9.832876 
16 133.527743 201.906709 179.682353 135.607868 195.259818 180.040304 186.056833 146.223110 152.428118 171.705717 147.855271 152.400714 179.787049 6.557618 185.238665 167.426133  .  5.718516 164.130947 6.550849 171.431053 
17 127.844209 196.188955 173.963939 129.983862 189.557209 174.327475 180.368091 140.626569 146.709950 165.993860 142.242935 146.723351 174.093565 1.506757 179.538866 161.707681 5.718516  .  158.413132 0.924092 165.719457 
18 35.655075 38.207613 15.973591 40.559726 34.958118 18.891908 26.493117 38.200155 12.415478 9.292374 35.744873 19.989730 20.462100 157.738043 26.834000 3.745999 164.130947 158.413132  .  157.588699 12.947740 
19 127.080728 195.378434 173.148855 129.260423 188.774434 173.530159 179.510121 139.917695 145.897249 165.155991 141.525666 145.859178 173.238587 1.766418 178.759338 160.887949 6.550849 0.924092 157.588699  .  164.924391 
20 38.971470 31.062164 11.124674 40.921700 24.268234 8.645244 30.325405 35.106389 19.948703 16.436514 32.528380 32.889429 26.020046 164.956585 14.891442 9.832876 171.431053 165.719457 12.947740 164.924391  .  
;

