param V1=20;
param COST_cm=0.00451414;
param COST_min=2000;
param K1=4;
param M=9000000;
param CV=100000;
param U=93;
param Dem:=
0 0
1 1
2 25
3 2
4 2
5 27
6 1
7 20
8 31
9 30
10 8
11 3
12 3
13 7
14 6
15 4
16 7
17 4
18 4
19 2
20 5
;

param a:=
0 0
1 4
2 1
3 5
4 0
5 7
6 1
7 1
8 6
9 2
10 7
11 316
12 42
13 356
14 272
15 104
16 219
17 395
18 71
19 181
20 458
;

param b:=
0 1440
1 602
2 572
3 560
4 543
5 545
6 558
7 566
8 499
9 577
10 516
11 1061
12 755
13 1129
14 955
15 854
16 983
17 1068
18 771
19 923
20 1158
;

param s:=
1 41
2 32
3 31
4 35
5 34
6 41
7 34
8 44
9 44
10 36
11 36
12 39
13 33
14 35
15 36
16 38
17 31
18 40
19 30
20 30
;

param D:
 0	 1	 2	 3	 4	 5	 6	 7	 8	 9	 10	 11	 12	 13	 14	 15	 16	 17	 18	 19	 20	:=
0  .  11721650.893965 688950.578779 4599129.354563 11127311.882481 1523267.583191 3030236.441270 4248804.335340 2695215.503443 10112006.887854 10563067.765096 4632267.437228 4860274.956214 1882486.698492 9489620.637307 1800851.767914 10788543.256622 5262161.688888 4211525.455224 6260759.986615 3209986.847325 
1 11721650.893965  .  12117973.098666 16307618.063347 762723.678667 12636690.714344 14431684.631047 15762422.109562 13544431.595678 1668177.646415 1285664.205771 16327668.365385 16560500.830893 13105282.529194 2233606.053000 13143457.066160 1132838.488047 16954828.670323 15905605.392439 17956995.078520 13577922.104652 
2 688950.578779 12117973.098666  .  4311567.960731 11547132.018384 834328.742163 3059975.648596 4151204.078337 2984885.969346 10532251.846590 10987967.139103 4368076.264215 4584758.036145 1211669.876658 9884616.222191 2002157.368940 11216896.559209 4992842.358817 3957032.302117 5975587.690763 3576765.972216 
3 4599129.354563 16307618.063347 4311567.960731  .  15698473.147730 4087103.787525 2234324.768247 1269149.644447 3392937.843521 14684633.362805 15131094.792182 171671.808984 281830.676116 3709672.935718 14078506.572076 3299614.912380 15353133.301708 687670.575203 433600.968634 1665948.741708 3851044.442745 
4 11127311.882481 762723.678667 11547132.018384 15698473.147730  .  12093507.390331 13788218.160444 15121650.215833 12879874.025005 1015451.077108 571259.748276 15713661.982492 15947732.083278 12563279.333040 1715807.346412 12507067.859415 377833.362741 16338960.924428 15291938.697562 17340909.921339 12894958.128276 
5 1523267.583191 12636690.714344 834328.742163 4087103.787525 12093507.390331  .  3288448.789323 4178043.471531 3484145.131880 11082094.544354 11541526.506490 4173364.985237 4368387.024978 470106.583659 10409044.780862 2486579.465853 11773606.705254 4774184.589016 3789696.522151 5716616.070719 4128068.740949 
6 3030236.441270 14431684.631047 3059975.648596 2234324.768247 13788218.160444 3288448.789323  .  1335712.577615 1159921.316297 12782485.502045 13217338.289535 2169338.023453 2399034.539143 3139954.222596 12223206.011927 1305152.282303 13431842.670684 2721169.831157 1807315.536922 3679285.726877 1683211.184017 
7 4248804.335340 15762422.109562 4151204.078337 1269149.644447 15121650.215833 4178043.471531 1335712.577615  .  2390767.544116 14115084.921459 14550892.077464 1130682.294015 1305132.579472 3907638.295697 13550908.139309 2621233.810632 14765913.971035 1518513.299250 982712.867525 2400324.238514 2724161.830729 
8 2695215.503443 13544431.595678 2984885.969346 3392937.843521 12879874.025005 3484145.131880 1159921.316297 2390767.544116  .  11883711.329799 12308715.773792 3322803.785961 3549282.251385 3492053.415972 11359628.474999 999800.830166 12517182.228042 3854532.424303 2967080.209566 4785825.425149 681921.615730 
9 10112006.887854 1668177.646415 10532251.846590 14684633.362805 1015451.077108 11082094.544354 12782485.502045 14115084.921459 11883711.329799  .  462420.339086 14700529.955413 14934418.877546 11551989.378891 781127.659221 11498827.267596 699169.864911 15326170.410771 14278729.769836 16328206.361080 11911143.089561 
10 10563067.765096 1285664.205771 10987967.139103 15131094.792182 571259.748276 11541526.506490 13217338.289535 14550892.077464 12308715.773792 462420.339086  .  15145581.170757 15379809.234838 12011480.369213 1220628.153862 11936702.748247 237663.901340 15770591.815465 14723932.442456 16772461.029914 12325218.500700 
11 4632267.437228 16327668.365385 4368076.264215 171671.808984 15713661.982492 4173364.985237 2169338.023453 1130682.294015 3322803.785961 14700529.955413 15145581.170757  .  237593.139632 3806517.182412 14100289.149163 3279135.511076 15366654.741029 629900.952531 422103.032446 1630276.050244 3759131.826632 
12 4860274.956214 16560500.830893 4584758.036145 281830.676116 15947732.083278 4368387.024978 2399034.539143 1305132.579472 3549282.251385 14934418.877546 15379809.234838 237593.139632  .  3991496.165600 14332603.448432 3516707.107508 15601104.453531 408675.384627 656168.339681 1400485.094530 3972812.803292 
13 1882486.698492 13105282.529194 1211669.876658 3709672.935718 12563279.333040 470106.583659 3139954.222596 3907638.295697 3492053.415972 11551989.378891 12011480.369213 3806517.182412 3991496.165600  .  10878125.235995 2517688.979997 12243607.730159 4393391.898067 3438126.787947 5316802.522193 4158741.594521 
14 9489620.637307 2233606.053000 9884616.222191 14078506.572076 1715807.346412 10409044.780862 12223206.011927 13550908.139309 11359628.474999 781127.659221 1220628.153862 14100289.149163 14332603.448432 10878125.235995  .  10930119.438048 1456268.107184 14728058.187012 13678187.602895 15730115.577770 11421797.247369 
15 1800851.767914 13143457.066160 2002157.368940 3299614.912380 12507067.859415 2486579.465853 1305152.282303 2621233.810632 999800.830166 11498827.267596 11936702.748247 3279135.511076 3516707.107508 2517688.979997 10930119.438048  .  12153237.707294 3883603.935779 2869707.910224 4874979.148673 1645647.182722 
16 10788543.256622 1132838.488047 11216896.559209 15353133.301708 377833.362741 11773606.705254 13431842.670684 14765913.971035 12517182.228042 699169.864911 237663.901340 15366654.741029 15601104.453531 12243607.730159 1456268.107184 12153237.707294  .  15991213.508674 14945126.416996 16992933.470416 12527107.536858 
17 5262161.688888 16954828.670323 4992842.358817 687670.575203 16338960.924428 4774184.589016 2721169.831157 1518513.299250 3854532.424303 15326170.410771 15770591.815465 629900.952531 408675.384627 4393391.898067 14728058.187012 3883603.935779 15991213.508674  .  1051164.734949 1002178.232651 4236752.605475 
18 4211525.455224 15905605.392439 3957032.302117 433600.968634 15291938.697562 3789696.522151 1807315.536922 982712.867525 2967080.209566 14278729.769836 14723932.442456 422103.032446 656168.339681 3438126.787947 13678187.602895 2869707.910224 14945126.416996 1051164.734949  .  2052296.511228 3441657.452449 
19 6260759.986615 17956995.078520 5975587.690763 1665948.741708 17340909.921339 5716616.070719 3679285.726877 2400324.238514 4785825.425149 16328206.361080 16772461.029914 1630276.050244 1400485.094530 5316802.522193 15730115.577770 4874979.148673 16992933.470416 1002178.232651 2052296.511228  .  5112014.288908 
20 3209986.847325 13577922.104652 3576765.972216 3851044.442745 12894958.128276 4128068.740949 1683211.184017 2724161.830729 681921.615730 11911143.089561 12325218.500700 3759131.826632 3972812.803292 4158741.594521 11421797.247369 1645647.182722 12527107.536858 4236752.605475 3441657.452449 5112014.288908  .  
;

param t:
 0	 1	 2	 3	 4	 5	 6	 7	 8	 9	 10	 11	 12	 13	 14	 15	 16	 17	 18	 19	 20	:=
0  .  140.659811 8.267407 55.189552 133.527743 18.279211 36.362837 50.985652 32.342586 121.344083 126.756813 55.587209 58.323299 22.589840 113.875448 21.610221 129.462519 63.145940 50.538305 75.129120 38.519842 
1 140.659811  .  145.415677 195.691417 9.152684 151.640289 173.180216 189.149065 162.533179 20.018132 15.427970 195.932020 198.726010 157.263390 26.803273 157.721485 13.594062 203.457944 190.867265 215.483941 162.935065 
2 8.267407 145.415677  .  51.738816 138.565584 10.011945 36.719708 49.814449 35.818632 126.387022 131.855606 52.416915 55.017096 14.540039 118.615395 24.025888 134.602759 59.914108 47.484388 71.707052 42.921192 
3 55.189552 195.691417 51.738816  .  188.381678 49.045245 26.811897 15.229796 40.715254 176.215600 181.573138 2.060062 3.381968 44.516075 168.942079 39.595379 184.237600 8.252047 5.203212 19.991385 46.212533 
4 133.527743 9.152684 138.565584 188.381678  .  145.122089 165.458618 181.459803 154.558488 12.185413 6.855117 188.563944 191.372785 150.759352 20.589688 150.084814 4.534000 196.067531 183.503264 208.090919 154.739498 
5 18.279211 151.640289 10.011945 49.045245 145.122089  .  39.461385 50.136522 41.809742 132.985135 138.498318 50.080380 52.420644 5.641279 124.908537 29.838954 141.283280 57.290215 45.476358 68.599393 49.536825 
6 36.362837 173.180216 36.719708 26.811897 165.458618 39.461385  .  16.028551 13.919056 153.389826 158.608059 26.032056 28.788414 37.679451 146.678472 15.661827 161.182112 32.654038 21.687786 44.151429 20.198534 
7 50.985652 189.149065 49.814449 15.229796 181.459803 50.136522 16.028551  .  28.689211 169.381019 174.610705 13.568188 15.661591 46.891660 162.610898 31.454806 177.190968 18.222160 11.792554 28.803891 32.689942 
8 32.342586 162.533179 35.818632 40.715254 154.558488 41.809742 13.919056 28.689211  .  142.604536 147.704589 39.873645 42.591387 41.904641 136.315542 11.997610 150.206187 46.254389 35.604963 57.429905 8.183059 
9 121.344083 20.018132 126.387022 176.215600 12.185413 132.985135 153.389826 169.381019 142.604536  .  5.549044 176.406359 179.213027 138.623873 9.373532 137.985927 8.390038 183.914045 171.344757 195.938476 142.933717 
10 126.756813 15.427970 131.855606 181.573138 6.855117 138.498318 158.608059 174.610705 147.704589 5.549044  .  181.746974 184.557711 144.137764 14.647538 143.240433 2.851967 189.247102 176.687189 201.269532 147.902622 
11 55.587209 195.932020 52.416915 2.060062 188.563944 50.080380 26.032056 13.568188 39.873645 176.406359 181.746974  .  2.851118 45.678206 169.203470 39.349626 184.399857 7.558811 5.065236 19.563313 45.109582 
12 58.323299 198.726010 55.017096 3.381968 191.372785 52.420644 28.788414 15.661591 42.591387 179.213027 184.557711 2.851118  .  47.897954 171.991241 42.200485 187.213253 4.904105 7.874020 16.805821 47.673754 
13 22.589840 157.263390 14.540039 44.516075 150.759352 5.641279 37.679451 46.891660 41.904641 138.623873 144.137764 45.678206 47.897954  .  130.537503 30.212268 146.923293 52.720703 41.257521 63.801630 49.904899 
14 113.875448 26.803273 118.615395 168.942079 20.589688 124.908537 146.678472 162.610898 136.315542 9.373532 14.647538 169.203470 171.991241 130.537503  .  131.161433 17.475217 176.736698 164.138251 188.761387 137.061567 
15 21.610221 157.721485 24.025888 39.595379 150.084814 29.838954 15.661827 31.454806 11.997610 137.985927 143.240433 39.349626 42.200485 30.212268 131.161433  .  145.838852 46.603247 34.436495 58.499750 19.747766 
16 129.462519 13.594062 134.602759 184.237600 4.534000 141.283280 161.182112 177.190968 150.206187 8.390038 2.851967 184.399857 187.213253 146.923293 17.475217 145.838852  .  191.894562 179.341517 203.915202 150.325290 
17 63.145940 203.457944 59.914108 8.252047 196.067531 57.290215 32.654038 18.222160 46.254389 183.914045 189.247102 7.558811 4.904105 52.720703 176.736698 46.603247 191.894562  .  12.613977 12.026139 50.841031 
18 50.538305 190.867265 47.484388 5.203212 183.503264 45.476358 21.687786 11.792554 35.604963 171.344757 176.687189 5.065236 7.874020 41.257521 164.138251 34.436495 179.341517 12.613977  .  24.627558 41.299889 
19 75.129120 215.483941 71.707052 19.991385 208.090919 68.599393 44.151429 28.803891 57.429905 195.938476 201.269532 19.563313 16.805821 63.801630 188.761387 58.499750 203.915202 12.026139 24.627558  .  61.344171 
20 38.519842 162.935065 42.921192 46.212533 154.739498 49.536825 20.198534 32.689942 8.183059 142.933717 147.902622 45.109582 47.673754 49.904899 137.061567 19.747766 150.325290 50.841031 41.299889 61.344171  .  
;

