param V1=20;
param COST_cm=0.00451414;
param COST_min=2000;
param K1=3;
param M=9000000;
param CV=100000;
param U=321;
param Dem:=
0 0
1 9
2 8
3 11
4 56
5 7
6 9
7 47
8 7
9 27
10 11
11 107
12 20
13 7
14 10
15 3
16 6
17 5
18 10
19 4
20 28
;

param a:=
0 0
1 0
2 0
3 1
4 0
5 0
6 0
7 0
8 0
9 0
10 0
11 155
12 96
13 371
14 297
15 368
16 237
17 209
18 175
19 139
20 291
;

param b:=
0 1440
1 547
2 513
3 529
4 549
5 552
6 557
7 561
8 579
9 521
10 523
11 903
12 870
13 1149
14 977
15 1103
16 913
17 937
18 880
19 848
20 1004
;

param s:=
1 35
2 43
3 32
4 42
5 38
6 33
7 41
8 35
9 34
10 30
11 31
12 30
13 37
14 30
15 40
16 40
17 32
18 39
19 42
20 40
;

param D:
 0	 1	 2	 3	 4	 5	 6	 7	 8	 9	 10	 11	 12	 13	 14	 15	 16	 17	 18	 19	 20	:=
0  .  5972175.979490 2840853.822357 2804922.301954 129487.991721 4374724.846205 2394190.585563 4577696.745089 4947047.559909 1523267.583191 10590060.680657 4761256.119975 1524538.700722 5207750.148577 483259.361006 4275283.828300 3259670.403584 485558.667928 5227622.329511 731407.246341 5028208.241511 
1 5972175.979490  .  4764701.087162 4743936.577359 6097965.960056 1605226.018354 4253078.185268 2008881.290669 1296254.161035 5508079.077138 16477869.548276 1227567.061305 5183870.501855 764644.871820 6245836.092950 2004192.128844 4987587.221292 6368249.198171 898177.515862 6685032.299847 944178.399456 
2 2840853.822357 4764701.087162  .  45612.717525 2896821.875780 3522722.276876 863514.238447 2815845.082742 3477719.344628 3781195.325555 12117780.573191 3844992.010395 3535354.026120 4113984.882082 3322064.696841 2761396.417561 494133.767314 2895725.819203 4376488.549054 3215010.550527 3965460.578546 
3 2804922.301954 4743936.577359 45612.717525  .  2862068.080951 3492615.094739 819194.970688 2800802.451084 3458583.785309 3737522.876184 12117344.366651 3816937.515863 3490927.580171 4089642.626196 3285708.266112 2740089.952049 539684.000133 2865041.797252 4348871.635264 3185684.039575 3940166.174161 
4 129487.991721 6097965.960056 2896821.875780 2862068.080951  .  4501416.126065 2480618.572050 4690536.963931 5067137.229245 1607459.389845 10460638.957540 4888120.802517 1627880.305796 5333650.274437 458389.888632 4392045.423413 3305145.467298 369605.735886 5355649.671142 601920.011297 5154122.119236 
5 4374724.846205 1605226.018354 3522722.276876 3492615.094739 4501416.126065  .  2859689.192902 1389212.024854 1001741.723200 3935153.268934 14914988.142805 387816.709284 3604950.836003 843370.648055 4640999.863176 1050132.694339 3849485.173371 4781036.216136 898439.369128 5092588.092512 665848.331078 
6 2394190.585563 4253078.185268 863514.238447 819194.970688 2480618.572050 2859689.192902  .  2454660.516243 3017367.892717 3063817.607169 12335823.738202 3214021.991213 2787831.165978 3545932.753169 2848023.660365 2281635.178840 1344722.610801 2585296.752793 3747101.453123 2925820.226877 3382308.968737 
7 4577696.745089 2008881.290669 2815845.082742 2800802.451084 4690536.963931 1389212.024854 2454660.516243  .  725710.031624 4593843.902442 14790321.104357 1477065.106893 4255665.205347 1504478.015792 4949996.389898 420327.000941 2994379.276244 4888076.448870 1901634.131477 5226199.484329 1417626.837359 
8 4947047.559909 1296254.161035 3477719.344628 3458583.785309 5067137.229245 1001741.723200 3017367.892717 725710.031624  .  4745131.350131 15323736.806014 910279.275827 4407312.969373 801049.368017 5276544.908366 735933.283199 3691452.248100 5301302.830437 1229915.322288 5631591.693296 750449.571923 
9 1523267.583191 5508079.077138 3781195.325555 3737522.876184 1607459.389845 3935153.268934 3063817.607169 4593843.902442 4745131.350131  .  11569133.582512 4289467.478604 339063.681334 4767019.121002 1327385.467752 4210170.164699 4263170.868028 1963782.790942 4656474.401304 2060102.795979 4594918.960112 
10 10590060.680657 16477869.548276 12117780.573191 12117344.366651 10460638.957540 14914988.142805 12335823.738202 14790321.104357 15323736.806014 11569133.582512  .  15302469.856203 11793805.533839 15723075.768119 10430238.281554 14595989.403851 12160446.427660 10150651.456926 15792330.417009 9858976.909396 15545534.798777 
11 4761256.119975 1227567.061305 3844992.010395 3816937.515863 4888120.802517 387816.709284 3214021.991213 1477065.106893 910279.275827 4289467.478604 15302469.856203  .  3962524.408758 478407.869919 5023378.091484 1222332.971870 4148799.462495 5168723.797999 534020.317966 5479854.136745 314920.497904 
12 1524538.700722 5183870.501855 3535354.026120 3490927.580171 1627880.305796 3604950.836003 2787831.165978 4255665.205347 4407312.969373 339063.681334 11793805.533839 3962524.408758  .  4439395.292154 1435076.708751 3871278.145073 4023056.734624 1996311.841872 4338823.454578 2144827.407975 4266355.982569 
13 5207750.148577 764644.871820 4113984.882082 4089642.626196 5333650.274437 843370.648055 3545932.753169 1504478.015792 801049.368017 4767019.121002 15723075.768119 478407.869919 4439395.292154  .  5481991.948188 1375558.844877 4377692.228789 5605606.444445 452437.410036 5921392.495858 179551.246167 
14 483259.361006 6245836.092950 3322064.696841 3285708.266112 458389.888632 4640999.863176 2848023.660365 4949996.389898 5276544.908366 1327385.467752 10430238.281554 5023378.091484 1435076.708751 5481991.948188  .  4628064.298832 3742891.824512 708936.252423 5467228.055423 734462.504148 5302826.288877 
15 4275283.828300 2004192.128844 2761396.417561 2740089.952049 4392045.423413 1050132.694339 2281635.178840 420327.000941 735933.283199 4210170.164699 14595989.403851 1222332.971870 3871278.145073 1375558.844877 4628064.298832  .  3004744.645343 4609712.977759 1709306.595471 4943993.569709 1248033.533091 
16 3259670.403584 4987587.221292 494133.767314 539684.000133 3305145.467298 3849485.173371 1344722.610801 2994379.276244 3691452.248100 4263170.868028 12160446.427660 4148799.462495 4023056.734624 4377692.228789 3742891.824512 3004744.645343  .  3267893.866086 4673247.406248 3572939.364165 4239911.992011 
17 485558.667928 6368249.198171 2895725.819203 2865041.797252 369605.735886 4781036.216136 2585296.752793 4888076.448870 5301302.830437 1963782.790942 10150651.456926 5168723.797999 1996311.841872 5605606.444445 708936.252423 4609712.977759 3267893.866086  .  5647267.038134 341727.523036 5426406.378074 
18 5227622.329511 898177.515862 4376488.549054 4348871.635264 5355649.671142 898439.369128 3747101.453123 1901634.131477 1229915.322288 4656474.401304 15792330.417009 534020.317966 4338823.454578 452437.410036 5467228.055423 1709306.595471 4673247.406248 5647267.038134  .  5951907.904193 485182.625410 
19 731407.246341 6685032.299847 3215010.550527 3185684.039575 601920.011297 5092588.092512 2925820.226877 5226199.484329 5631591.693296 2060102.795979 9858976.909396 5479854.136745 2144827.407975 5921392.495858 734462.504148 4943993.569709 3572939.364165 341727.523036 5951907.904193  .  5741981.152877 
20 5028208.241511 944178.399456 3965460.578546 3940166.174161 5154122.119236 665848.331078 3382308.968737 1417626.837359 750449.571923 4594918.960112 15545534.798777 314920.497904 4266355.982569 179551.246167 5302826.288877 1248033.533091 4239911.992011 5426406.378074 485182.625410 5741981.152877  .  
;

param t:
 0	 1	 2	 3	 4	 5	 6	 7	 8	 9	 10	 11	 12	 13	 14	 15	 16	 17	 18	 19	 20	:=
0  .  71.666112 34.090246 33.659068 1.553856 52.496698 28.730287 54.932361 59.364571 18.279211 127.080728 57.135073 18.294464 62.493002 5.799112 51.303406 39.116045 5.826704 62.731468 8.776887 60.338499 
1 71.666112  .  57.176413 56.927239 73.175592 19.262712 51.036938 24.106575 15.555050 66.096949 197.734435 14.730805 62.206446 9.175738 74.950033 24.050306 59.851047 76.418990 10.778130 80.220388 11.330141 
2 34.090246 57.176413  .  0.547353 34.761863 42.272667 10.362171 33.790141 41.732632 45.374344 145.413367 46.139904 42.424248 49.367819 39.864776 33.136757 5.929605 34.748710 52.517863 38.580127 47.585527 
3 33.659068 56.927239 0.547353  .  34.344817 41.911381 9.830340 33.609629 41.503005 44.850275 145.408132 45.803250 41.891131 49.075712 39.428499 32.881079 6.476208 34.380502 52.186460 38.228208 47.281994 
4 1.553856 73.175592 34.761863 34.344817  .  54.016994 29.767423 56.286444 60.805647 19.289513 125.527667 58.657450 19.534564 64.003803 5.500679 52.704545 39.661746 4.435269 64.267796 7.223040 61.849465 
5 52.496698 19.262712 42.272667 41.911381 54.016994  .  34.316270 16.670544 12.020901 47.221839 178.979858 4.653801 43.259410 10.120448 55.691998 12.601592 46.193822 57.372435 10.781272 61.111057 7.990180 
6 28.730287 51.036938 10.362171 9.830340 29.767423 34.316270  .  29.455926 36.208415 36.765811 148.029885 38.568264 33.453974 42.551193 34.176284 27.379622 16.136671 31.023561 44.965217 35.109843 40.587708 
7 54.932361 24.106575 33.790141 33.609629 56.286444 16.670544 29.455926  .  8.708520 55.126127 177.483853 17.724781 51.067982 18.053736 59.399957 5.043924 35.932551 58.656917 22.819610 62.714394 17.011522 
8 59.364571 15.555050 41.732632 41.503005 60.805647 12.020901 36.208415 8.708520  .  56.941576 183.884842 10.923351 52.887756 9.612592 63.318539 8.831199 44.297427 63.615634 14.758984 67.579100 9.005395 
9 18.279211 66.096949 45.374344 44.850275 19.289513 47.221839 36.765811 55.126127 56.941576  .  138.829603 51.473610 4.068764 57.204229 15.928626 50.522042 51.158050 23.565393 55.877693 24.721234 55.139028 
10 127.080728 197.734435 145.413367 145.408132 125.527667 178.979858 148.029885 177.483853 183.884842 138.829603  .  183.629638 141.525666 188.676909 125.162859 175.151873 145.925357 121.807817 189.507965 118.307723 186.546418 
11 57.135073 14.730805 46.139904 45.803250 58.657450 4.653801 38.568264 17.724781 10.923351 51.473610 183.629638  .  47.550293 5.740894 60.280537 14.667996 49.785594 62.024686 6.408244 65.758250 3.779046 
12 18.294464 62.206446 42.424248 41.891131 19.534564 43.259410 33.453974 51.067982 52.887756 4.068764 141.525666 47.550293  .  53.272744 17.220921 46.455338 48.276681 23.955742 52.065881 25.737929 51.196272 
13 62.493002 9.175738 49.367819 49.075712 64.003803 10.120448 42.551193 18.053736 9.612592 57.204229 188.676909 5.740894 53.272744  .  65.783903 16.506706 52.532307 67.267277 5.429249 71.056710 2.154615 
14 5.799112 74.950033 39.864776 39.428499 5.500679 55.691998 34.176284 59.399957 63.318539 15.928626 125.162859 60.280537 17.220921 65.783903  .  55.536772 44.914702 8.507235 65.606737 8.813550 63.633915 
15 51.303406 24.050306 33.136757 32.881079 52.704545 12.601592 27.379622 5.043924 8.831199 50.522042 175.151873 14.667996 46.455338 16.506706 55.536772  .  36.056936 55.316556 20.511679 59.327923 14.976402 
16 39.116045 59.851047 5.929605 6.476208 39.661746 46.193822 16.136671 35.932551 44.297427 51.158050 145.925357 49.785594 48.276681 52.532307 44.914702 36.056936  .  39.214726 56.078969 42.875272 50.878944 
17 5.826704 76.418990 34.748710 34.380502 4.435269 57.372435 31.023561 58.656917 63.615634 23.565393 121.807817 62.024686 23.955742 67.267277 8.507235 55.316556 39.214726  .  67.767204 4.100730 65.116877 
18 62.731468 10.778130 52.517863 52.186460 64.267796 10.781272 44.965217 22.819610 14.758984 55.877693 189.507965 6.408244 52.065881 5.429249 65.606737 20.511679 56.078969 67.767204  .  71.422895 5.822192 
19 8.776887 80.220388 38.580127 38.228208 7.223040 61.111057 35.109843 62.714394 67.579100 24.721234 118.307723 65.758250 25.737929 71.056710 8.813550 59.327923 42.875272 4.100730 71.422895  .  68.903774 
20 60.338499 11.330141 47.585527 47.281994 61.849465 7.990180 40.587708 17.011522 9.005395 55.139028 186.546418 3.779046 51.196272 2.154615 63.633915 14.976402 50.878944 65.116877 5.822192 68.903774  .  
;

