param V1=20;
param COST_cm=0.00451414;
param COST_min=2000;
param K1=4;
param M=9000000;
param CV=100000;
param U=144;
param Dem:=
0 0
1 28
2 13
3 7
4 19
5 6
6 13
7 47
8 22
9 1
10 27
11 2
12 8
13 2
14 48
15 8
16 13
17 6
18 8
19 4
20 10
;

param a:=
0 0
1 11
2 30
3 38
4 16
5 23
6 23
7 45
8 47
9 31
10 20
11 209
12 92
13 259
14 200
15 326
16 123
17 85
18 293
19 162
20 117
;

param b:=
0 1440
1 499
2 561
3 634
4 534
5 540
6 510
7 634
8 537
9 540
10 588
11 988
12 769
13 1012
14 978
15 1071
16 839
17 861
18 1042
19 915
20 846
;

param s:=
1 39
2 33
3 42
4 38
5 42
6 30
7 41
8 38
9 41
10 30
11 39
12 42
13 41
14 36
15 42
16 34
17 34
18 43
19 43
20 41
;

param D:
 0	 1	 2	 3	 4	 5	 6	 7	 8	 9	 10	 11	 12	 13	 14	 15	 16	 17	 18	 19	 20	:=
0  .  5394276.123819 11109305.018767 5107350.436381 5551404.453830 5435265.282394 6266945.758502 4577696.745089 3960109.700501 11721650.893965 6454807.851517 1118433.230014 4938327.815162 11312773.098140 149270.124271 822547.949970 5494142.572777 1341020.048321 893209.874554 2626999.354777 5423065.236561 
1 5394276.123819  .  16490843.139755 287744.921762 260641.842381 42299.054363 880902.083094 2117865.399406 1601290.735625 17112795.243910 1066969.887110 6033466.447242 471581.562405 16697592.493830 5540802.513174 6209270.392727 4480150.351272 6642345.405804 5473986.088766 4448350.612306 94873.073103 
2 11109305.018767 16490843.139755  .  16203140.744930 16633275.223178 16531170.986049 17354406.995919 15316902.802133 14986876.324305 781769.735920 17542207.523570 10679079.277260 16028032.394839 242724.555824 10960964.027402 10309990.764787 15047101.031428 9954241.829994 11064060.413790 12632568.323583 16513977.943548 
3 5107350.436381 287744.921762 16203140.744930  .  479277.007585 328120.541874 1163360.795282 1954946.047849 1330836.503858 16825349.736633 1350469.459114 5753984.588961 194586.356151 16409936.920354 5253763.691869 5922819.599650 4355528.079349 6358224.636642 5187482.892502 4188804.584843 322582.206577 
4 5551404.453830 260641.842381 16633275.223178 479277.007585  .  229675.989167 722812.458387 2041369.932178 1681960.906204 17261247.847418 909926.903658 6221138.355639 617870.941217 16841668.331849 5696756.831742 6369810.209104 4352070.139600 6815090.138802 5595494.341879 4487597.854086 173538.727666 
5 5435265.282394 42299.054363 16531170.986049 328120.541874 229675.989167  .  838838.202516 2132150.599747 1635407.536365 17153466.305386 1025043.613706 6075597.638093 509157.500190 16738016.779177 5581736.620443 6250450.866938 4486798.453240 6684049.139556 5512731.469063 4479216.154641 81191.686767 
6 6266945.758502 880902.083094 17354406.995919 1163360.795282 722812.458387 838838.202516  .  2616112.002572 2400780.244004 17980788.461578 187936.425421 6914298.397524 1328700.737563 17562421.337902 6412848.341416 7083826.554201 4779870.672937 7521576.260997 6318278.843166 5175664.561194 844194.823486 
7 4577696.745089 2117865.399406 15316902.802133 1954946.047849 2041369.932178 2132150.599747 2616112.002572  .  1197546.796580 15986989.206539 2766163.467693 5510124.125644 1797363.430139 15536413.399495 4702426.556577 5378482.159494 2427679.818263 5918470.099612 4319004.891176 2748869.822309 2059132.887892 
8 3960109.700501 1601290.735625 14986876.324305 1330836.503858 1681960.906204 1635407.536365 2400780.244004 1197546.796580  .  15625309.884927 2585479.707907 4743636.289810 1136508.728519 15197962.066343 4100703.326260 4782631.979360 3522681.519808 5266471.776246 3929764.705424 2863798.891333 1595580.258088 
9 11721650.893965 17112795.243910 781769.735920 16825349.736633 17261247.847418 17153466.305386 17980788.461578 15986989.206539 15625309.884927  .  18168712.035805 11244486.108756 16652750.206798 541161.759551 11574157.803054 10914473.429809 15771535.323170 10536070.598188 11712568.041211 13319765.067373 17138503.694314 
10 6454807.851517 1066969.887110 17542207.523570 1350469.459114 909926.903658 1025043.613706 187936.425421 2766163.467693 2585479.707907 18168712.035805  .  7099682.610512 1516608.575078 17750268.007272 6600734.044786 7271593.655451 4887043.745456 7708641.276516 6505045.281933 5349675.650916 1031907.747815 
11 1118433.230014 6033466.447242 10679079.277260 5753984.588961 6221138.355639 6075597.638093 6914298.397524 5510124.125644 4743636.289810 11244486.108756 7099682.610512  .  5603688.387125 10869269.300188 1079208.469203 885027.965660 6594520.569382 788148.539300 1941622.746571 3742705.644317 6076263.573118 
12 4938327.815162 471581.562405 16028032.394839 194586.356151 617870.941217 509157.500190 1328700.737563 1797363.430139 1136508.728519 16652750.206798 1516608.575078 5603688.387125  .  16235495.967170 5084168.024367 5755611.679049 4211344.797093 6197893.327575 5004176.268878 3994308.450783 485945.562795 
13 11312773.098140 16697592.493830 242724.555824 16409936.920354 16841668.331849 16738016.779177 17562421.337902 15536413.399495 15197962.066343 541161.759551 17750268.007272 10869269.300188 16235495.967170  .  11164639.940455 10511110.412321 15280173.601763 10148904.226566 11277426.428490 12856320.441713 16721428.025441 
14 149270.124271 5540802.513174 10960964.027402 5253763.691869 5696756.831742 5581736.620443 6412848.341416 4702426.556577 4100703.326260 11574157.803054 6600734.044786 1079208.469203 5084168.024367 11164639.940455  .  683651.153733 5570866.225283 1221882.154711 875596.282541 2690559.514302 5569101.436498 
15 822547.949970 6209270.392727 10309990.764787 5922819.599650 6369810.209104 6250450.866938 7083826.554201 5378482.159494 4782631.979360 10914473.429809 7271593.655451 885027.965660 5755611.679049 10511110.412321 683651.153733  .  6145032.367693 591568.846374 1295077.128977 3246197.437002 6239688.848813 
16 5494142.572777 4480150.351272 15047101.031428 4355528.079349 4352070.139600 4486798.453240 4779870.672937 2427679.818263 3522681.519808 15771535.323170 4887043.745456 6594520.569382 4211344.797093 15280173.601763 5570866.225283 6145032.367693  .  6736186.435959 4865132.591204 2899590.488328 4408234.350622 
17 1341020.048321 6642345.405804 9954241.829994 6358224.636642 6815090.138802 6684049.139556 7521576.260997 5918470.099612 5266471.776246 10536070.598188 7708641.276516 788148.539300 6197893.327575 10148904.226566 1221882.154711 591568.846374 6736186.435959  .  1884735.644593 3837617.450971 6678285.109966 
18 893209.874554 5473986.088766 11064060.413790 5187482.892502 5595494.341879 5512731.469063 6318278.843166 4319004.891176 3929764.705424 11712568.041211 6505045.281933 1941622.746571 5004176.268878 11277426.428490 875596.282541 1295077.128977 4865132.591204 1884735.644593  .  1966915.384555 5487657.879278 
19 2626999.354777 4448350.612306 12632568.323583 4188804.584843 4487597.854086 4479216.154641 5175664.561194 2748869.822309 2863798.891333 13319765.067373 5349675.650916 3742705.644317 3994308.450783 12856320.441713 2690559.514302 3246197.437002 2899590.488328 3837617.450971 1966915.384555  .  4429942.560576 
20 5423065.236561 94873.073103 16513977.943548 322582.206577 173538.727666 81191.686767 844194.823486 2059132.887892 1595580.258088 17138503.694314 1031907.747815 6076263.573118 485945.562795 16721428.025441 5569101.436498 6239688.848813 4408234.350622 6678285.109966 5487657.879278 4429942.560576  .  
;

param t:
 0	 1	 2	 3	 4	 5	 6	 7	 8	 9	 10	 11	 12	 13	 14	 15	 16	 17	 18	 19	 20	:=
0  .  64.731313 133.311660 61.288205 66.616853 65.223183 75.203349 54.932361 47.521316 140.659811 77.457694 13.421199 59.259934 135.753277 1.791241 9.870575 65.929711 16.092241 10.718518 31.523992 65.076783 
1 64.731313  .  197.890118 3.452939 3.127702 0.507589 10.570825 25.414385 19.215489 205.353543 12.803639 72.401597 5.658979 200.371110 66.489630 74.511245 53.761804 79.708145 65.687833 53.380207 1.138477 
2 133.311660 197.890118  .  194.437689 199.599303 198.374052 208.252884 183.802834 179.842516 9.381237 210.506490 128.148951 192.336389 2.912695 131.531568 123.719889 180.565212 119.450902 132.768725 151.590820 198.167735 
3 61.288205 3.452939 194.437689  .  5.751324 3.937447 13.960330 23.459353 15.970038 201.904197 16.205634 69.047815 2.335036 196.919243 63.045164 71.073835 52.266337 76.298696 62.249795 50.265655 3.870986 
4 66.616853 3.127702 199.599303 5.751324  .  2.756112 8.673750 24.496439 20.183531 207.134974 10.919123 74.653660 7.414451 202.100020 68.361082 76.437723 52.224842 81.781082 67.145932 53.851174 2.082465 
5 65.223183 0.507589 198.374052 3.937447 2.756112  .  10.066058 25.585807 19.624890 205.841596 12.300523 72.907172 6.109890 200.856201 66.980839 75.005410 53.841581 80.208590 66.152778 53.750594 0.974300 
6 75.203349 10.570825 208.252884 13.960330 8.673750 10.066058  .  31.393344 28.809363 215.769462 2.255237 82.971581 15.944409 210.749056 76.954180 85.005919 57.358448 90.258915 75.819346 62.107975 10.130338 
7 54.932361 25.414385 183.802834 23.459353 24.496439 25.585807 31.393344  .  14.370562 191.843870 33.193962 66.121490 21.568361 186.436961 56.429119 64.541786 29.132158 71.021641 51.828059 32.986438 24.709595 
8 47.521316 19.215489 179.842516 15.970038 20.183531 19.624890 28.809363 14.370562  .  187.503719 31.025756 56.923635 13.638105 182.375545 49.208440 57.391584 42.272178 63.197661 47.157176 34.365587 19.146963 
9 140.659811 205.353543 9.381237 201.904197 207.134974 205.841596 215.769462 191.843870 187.503719  .  218.024544 134.933833 199.833002 6.493941 138.889894 130.973681 189.258424 126.432847 140.550816 159.837181 205.662044 
10 77.457694 12.803639 210.506490 16.205634 10.919123 12.300523 2.255237 33.193962 31.025756 218.024544  .  85.196191 18.199303 213.003216 79.208809 87.259124 58.644525 92.503695 78.060543 64.196108 12.382893 
11 13.421199 72.401597 128.148951 69.047815 74.653660 72.907172 82.971581 66.121490 56.923635 134.933833 85.196191  .  67.244261 130.431232 12.950502 10.620336 79.134247 9.457782 23.299473 44.912468 72.915163 
12 59.259934 5.658979 192.336389 2.335036 7.414451 6.109890 15.944409 21.568361 13.638105 199.833002 18.199303 67.244261  .  194.825952 61.010016 69.067340 50.536138 74.374720 60.050115 47.931701 5.831347 
13 135.753277 200.371110 2.912695 196.919243 202.100020 200.856201 210.749056 186.436961 182.375545 6.493941 213.003216 130.431232 194.825952  .  133.975679 126.133325 183.362083 121.786851 135.329117 154.275845 200.657136 
14 1.791241 66.489630 131.531568 63.045164 68.361082 66.980839 76.954180 56.429119 49.208440 138.889894 79.208809 12.950502 61.010016 133.975679  .  8.203814 66.850395 14.662586 10.507155 32.286714 66.829217 
15 9.870575 74.511245 123.719889 71.073835 76.437723 75.005410 85.005919 64.541786 57.391584 130.973681 87.259124 10.620336 69.067340 126.133325 8.203814  .  73.740388 7.098826 15.540926 38.954369 74.876266 
16 65.929711 53.761804 180.565212 52.266337 52.224842 53.841581 57.358448 29.132158 42.272178 189.258424 58.644525 79.134247 50.536138 183.362083 66.850395 73.740388  .  80.834237 58.381591 34.795086 52.898812 
17 16.092241 79.708145 119.450902 76.298696 81.781082 80.208590 90.258915 71.021641 63.197661 126.432847 92.503695 9.457782 74.374720 121.786851 14.662586 7.098826 80.834237  .  22.616828 46.051409 80.139421 
18 10.718518 65.687833 132.768725 62.249795 67.145932 66.152778 75.819346 51.828059 47.157176 140.550816 78.060543 23.299473 60.050115 135.329117 10.507155 15.540926 58.381591 22.616828  .  23.602985 65.851895 
19 31.523992 53.380207 151.590820 50.265655 53.851174 53.750594 62.107975 32.986438 34.365587 159.837181 64.196108 44.912468 47.931701 154.275845 32.286714 38.954369 34.795086 46.051409 23.602985  .  53.159311 
20 65.076783 1.138477 198.167735 3.870986 2.082465 0.974300 10.130338 24.709595 19.146963 205.662044 12.382893 72.915163 5.831347 200.657136 66.829217 74.876266 52.898812 80.139421 65.851895 53.159311  .  
;

