param V1=30;
param COST_cm=0.00451414;
param COST_min=2000;
param K1=3;
param M=9000000;
param CV=100000;
param U=174;
param Dem:=
0 0
1 6
2 3
3 1
4 8
5 25
6 3
7 4
8 9
9 2
10 58
11 3
12 19
13 38
14 2
15 1
16 7
17 3
18 6
19 7
20 7
21 3
22 10
23 8
24 3
25 14
26 7
27 9
28 2
29 3
30 12
;

param a:=
0 0
1 15
2 5
3 7
4 8
5 3
6 10
7 1
8 12
9 16
10 9
11 14
12 19
13 2
14 12
15 9
16 347
17 231
18 110
19 274
20 348
21 224
22 331
23 284
24 372
25 197
26 184
27 93
28 288
29 94
30 288
;

param b:=
0 1440
1 515
2 507
3 551
4 559
5 595
6 513
7 522
8 502
9 612
10 591
11 614
12 615
13 532
14 519
15 542
16 1048
17 1009
18 774
19 935
20 1024
21 919
22 1100
23 949
24 1096
25 863
26 893
27 845
28 1044
29 764
30 951
;

param s:=
1 32
2 36
3 44
4 40
5 31
6 44
7 37
8 45
9 33
10 34
11 43
12 31
13 34
14 41
15 31
16 36
17 36
18 45
19 36
20 32
21 39
22 41
23 42
24 38
25 33
26 45
27 41
28 40
29 32
30 40
;

param D:
 0	 1	 2	 3	 4	 5	 6	 7	 8	 9	 10	 11	 12	 13	 14	 15	 16	 17	 18	 19	 20	 21	 22	 23	 24	 25	 26	 27	 28	 29	 30	:=
0  .  5146325.641659 4853968.647601 1938200.820349 4624654.711435 2468797.028919 6189233.007409 5168434.935258 6354625.307601 1756436.269837 5288259.753454 11560509.963233 4473948.003721 6527299.212098 3220038.484256 10256584.888256 4040894.814271 2161341.178528 6065932.314987 5019470.052705 5078012.721528 2370614.536360 4632913.473183 9990278.874986 10974388.220762 6081996.950016 3977701.603942 2190160.332031 1977081.542697 3682596.954596 5393901.071581 
1 5146325.641659  .  428720.198379 4229088.342657 661917.585504 3176285.393349 1727180.896722 630822.835668 1241931.612449 4527457.328347 2256806.595612 16645363.468546 679279.949653 1418402.332577 1954813.623825 15328721.165185 1407694.984718 3257768.616707 1134082.369143 2329377.599274 1282334.172515 3882886.535813 572560.791532 15046459.937474 16028539.072854 1126656.083284 1175772.648091 3068390.087652 3637620.430896 2338267.777651 692110.468061 
2 4853968.647601 428720.198379  .  3841881.635592 729464.927668 3030516.005518 1665291.448575 977583.072633 1502273.621381 4145059.595337 2534213.802168 16388565.992133 428785.208581 1673780.370253 1730770.017893 15075719.612108 1386134.712608 3065851.301694 1249604.578456 2564591.087971 960460.980518 3766395.071457 226952.860520 14798290.201881 15781570.449353 1257113.930198 963794.329563 2845743.393122 3458641.885625 2343205.487553 621087.199754 
3 1938200.820349 4229088.342657 3841881.635592  .  3905580.922219 2846380.594720 4804650.168327 4480180.623591 5284831.707822 319094.421763 5195525.617298 13083692.682496 3572000.923852 5441133.938809 2687053.746260 11811017.578939 3591695.582869 2481925.415882 4888956.965448 4996743.360430 3727283.689230 3251422.719365 3657934.932445 11569860.169423 12547972.943866 4915637.159108 3221597.810094 2252298.226257 2625981.094081 3720515.739787 4241201.892153 
4 4624654.711435 661917.585504 729464.927668 3905580.922219  .  2540695.127322 2345529.061854 575877.348053 1875545.211399 4185832.568319 1852912.588332 16065540.074644 494848.926441 2050769.937624 1404632.978429 14745932.452375 747022.422689 2650005.179240 1795127.530289 1853796.884775 1676794.203234 3232426.605509 626537.189638 14459447.142958 15440050.619736 1788422.975697 688496.601299 2488370.430623 3018017.153177 1679204.743323 1284326.177418 
5 2468797.028919 3176285.393349 3030516.005518 2846380.594720 2540695.127322  .  4647730.871081 2989961.947918 4412773.106562 2969736.156631 2824995.350439 13582420.288741 2601865.955425 4588724.840134 1354202.383209 12258734.287846 1822065.061956 371450.265850 4268557.512790 2551887.321180 3644865.924832 763591.337038 2809169.507168 11964925.633283 12942038.560057 4270626.428289 2068584.100297 619579.187836 524980.579519 1228152.962786 3648468.856932 
6 6189233.007409 1727180.896722 1665291.448575 4804650.168327 2345529.061854 4647730.871081  .  2302054.408566 1228127.981930 5123721.995776 3919279.382744 17742810.257961 2081112.875363 1244396.584076 3304465.781891 16443268.260598 3048639.998426 4636025.156317 779512.341147 4028865.082129 1111834.816868 5398731.571397 1866280.463917 16179137.389243 17163176.624390 818291.781701 2591635.840546 4379929.042804 5037359.655700 4004993.289632 1061723.716416 
7 5168434.935258 630822.835668 977583.072633 4480180.623591 575877.348053 2989961.947918 2302054.408566  .  1543418.672947 4761423.733507 1633351.799215 16559775.857481 975044.050287 1707232.882140 1955407.327001 15237866.083215 1170908.647163 3140224.719666 1618694.600596 1726892.425717 1904315.793139 3635661.172332 1005877.989619 14947362.212779 15926071.455949 1598762.677823 1264206.901579 3006952.936113 3489320.770934 1975898.846095 1310242.134111 
8 6354625.307601 1241931.612449 1502273.621381 5284831.707822 1875545.211399 4412773.106562 1228127.981930 1543418.672947  .  5595502.008757 2983265.677073 17877397.549140 1887500.320530 176470.828924 3190839.038637 16562261.510132 2616325.396429 4499697.915416 514724.712832 3156080.818040 1711240.999976 5107336.002262 1721736.753978 16281784.828452 17264332.671146 472233.522741 2409711.154890 4307106.652963 4878927.709986 3501592.330640 1050382.068583 
9 1756436.269837 4527457.328347 4145059.595337 319094.421763 4185832.568319 2969736.156631 5123721.995776 4761423.733507 5595502.008757  .  5419553.624608 12776963.483551 3865570.054985 5752839.368700 2931811.520253 11507144.237386 3841449.675578 2599646.056678 5203611.453596 5210860.376176 4045502.274131 3308753.367962 3957611.643403 11268203.205924 12245339.817661 5229925.403866 3499144.138214 2398859.739543 2698738.776257 3912473.695758 4553649.507812 
10 5288259.753454 2256806.595612 2534213.802168 5195525.617298 1852912.588332 2824995.350439 3919279.382744 1633351.799215 2983265.677073 5419553.624608  .  16156962.276678 2341698.682581 3113190.201716 2526328.851217 14830854.658111 1679093.207657 3130041.847963 3194015.849992 301595.772517 3493500.447975 3185667.970772 2475496.954149 14521410.901837 15484177.751498 3166959.930280 2268660.488041 3164410.937284 3338607.253343 1606717.041050 2943153.704787 
11 11560509.963233 16645363.468546 16388565.992133 13083692.682496 16065540.074644 13582420.288741 17742810.257961 16559775.857481 17877397.549140 12776963.483551 16156962.276678  .  15990176.273262 18052546.724688 14690592.566465 1326349.712557 15389333.096986 13421042.931159 17617500.413509 15855488.797259 16631014.218321 13023065.800724 16163749.065733 1641904.884578 765082.224339 17631694.414605 15470229.872888 13580893.149200 13072862.963378 14734278.577521 16947077.001654 
12 4473948.003721 679279.949653 428785.208581 3572000.923852 494848.926441 2601865.955425 2081112.875363 975044.050287 1887500.320530 3865570.054985 2341698.682581 15990176.273262  .  2062406.687649 1312143.645067 14675495.884296 996780.256626 2642267.043658 1672933.211458 2326280.561325 1253794.728016 3337942.471044 214948.575245 14395904.062614 15378729.375342 1678243.772519 537154.400522 2429648.637149 3033209.533163 1947963.205505 1048911.554899 
13 6527299.212098 1418402.332577 1673780.370253 5441133.938809 2050769.937624 4588724.840134 1244396.584076 1707232.882140 176470.828924 5752839.368700 3113190.201716 18052546.724688 2062406.687649  .  3366808.125452 16737617.436991 2790471.274688 4676168.064758 608230.932180 3294899.218043 1833183.109638 5282014.536695 1894510.023531 16457376.939192 17439982.128204 569606.943831 2585651.780859 4483252.663041 5055340.122635 3671131.873123 1200862.601825 
14 3220038.484256 1954813.623825 1730770.017893 2687053.746260 1404632.978429 1354202.383209 3304465.781891 1955407.327001 3190839.038637 2931811.520253 2526328.851217 14690592.566465 1312143.645067 3366808.125452  .  13373923.860793 911100.801278 1339063.496138 2980367.423505 2354460.079061 2290762.191082 2115859.496491 1504119.482983 13091985.557160 14074240.031678 2987565.625805 781167.616002 1117758.772406 1736900.140062 1254343.585901 2334432.086116 
15 10256584.888256 15328721.165185 15075719.612108 11811017.578939 14745932.452375 12258734.287846 16443268.260598 15237866.083215 16562261.510132 11507144.237386 14830854.658111 1326349.712557 14675495.884296 16737617.436991 13373923.860793  .  14067220.536055 12100005.178511 16307303.782661 14529396.014976 15331466.513351 11697045.714624 14850545.633747 349413.065010 752715.915867 16321002.889835 14154061.558436 12262765.668886 11750096.258094 13408588.729617 15637580.130570 
16 4040894.814271 1407694.984718 1386134.712608 3591695.582869 747022.422689 1822065.061956 3048639.998426 1170908.647163 2616325.396429 3841449.675578 1679093.207657 15389333.096986 996780.256626 2790471.274688 911100.801278 14067220.536055  .  1972131.641144 2538028.023880 1559047.520122 2242651.488752 2492403.647084 1205593.401608 13776489.330014 14755163.210212 2532749.351989 655033.350296 1857722.481965 2318441.899913 957072.416278 1991042.463133 
17 2161341.178528 3257768.616707 3065851.301694 2481925.415882 2650005.179240 371450.265850 4636025.156317 3140224.719666 4499697.915416 2599646.056678 3130041.847963 13421042.931159 2642267.043658 4676168.064758 1339063.496138 12100005.178511 1972131.641144  .  4314733.023027 2866863.156832 3593945.148441 933309.857443 2839955.622893 11811609.397961 12791578.150095 4320500.124986 2105499.408691 323615.898868 402869.934435 1523329.458784 3673111.936764 
18 6065932.314987 1134082.369143 1249604.578456 4888956.965448 1795127.530289 4268557.512790 779512.341147 1618694.600596 514724.712832 5203611.453596 3194015.849992 17617500.413509 1672933.211458 608230.932180 2980367.423505 16307303.782661 2538028.023880 4314733.023027  .  3327621.796419 1230570.700935 4992902.110997 1476292.112016 16032672.148148 17016386.496845 43286.603008 2210084.871673 4094653.974391 4706133.373723 3472274.508157 672400.356930 
19 5019470.052705 2329377.599274 2564591.087971 4996743.360430 1853796.884775 2551887.321180 4028865.082129 1726892.425717 3156080.818040 5210860.376176 301595.772517 15855488.797259 2326280.561325 3294899.218043 2354460.079061 14529396.014976 1559047.520122 2866863.156832 3327621.796419  .  3523807.164134 2890066.409272 2480080.212412 14219869.501863 15182586.104152 3303462.718119 2184580.811048 2918356.683135 3060513.669186 1347744.857160 3021383.275918 
20 5078012.721528 1282334.172515 960460.980518 3727283.689230 1676794.203234 3644865.924832 1111834.816868 1904315.793139 1711240.999976 4045502.274131 3493500.447975 16631014.218321 1253794.728016 1833183.109638 2290762.191082 15331466.513351 2242651.488752 3593945.148441 1230570.700935 3523807.164134  .  4406465.295449 1062502.258821 15067577.772157 16051592.372721 1266092.042468 1667723.217443 3320751.776330 3996812.256295 3178881.735768 742115.631152 
21 2370614.536360 3882886.535813 3766395.071457 3251422.719365 3232426.605509 763591.337038 5398731.571397 3635661.172332 5107336.002262 3308753.367962 3185667.970772 13023065.800724 3337942.471044 5282014.536695 2115859.496491 11697045.714624 2492403.647084 933309.857443 4992902.110997 2890066.409272 4406465.295449  .  3548482.341791 11395311.913239 12366692.431689 4992674.147188 2810661.311862 1256787.221450 635571.463859 1715710.817708 4386816.810627 
22 4632913.473183 572560.791532 226952.860520 3657934.932445 626537.189638 2809169.507168 1866280.463917 1005877.989619 1721736.753978 3957611.643403 2475496.954149 16163749.065733 214948.575245 1894510.023531 1504119.482983 14850545.633747 1205593.401608 2839955.622893 1476292.112016 2480080.212412 1062502.258821 3548482.341791  .  14572733.376069 15555944.084819 1484033.709186 740763.457522 2618810.059932 3233447.614926 2159506.466765 839314.196234 
23 9990278.874986 15046459.937474 14798290.201881 11569860.169423 14459447.142958 11964925.633283 16179137.389243 14947362.212779 16281784.828452 11268203.205924 14521410.901837 1641904.884578 14395904.062614 16457376.939192 13091985.557160 349413.065010 13776489.330014 11811609.397961 16032672.148148 14219869.501863 15067577.772157 11395311.913239 14572733.376069  .  984163.980239 16045822.574739 13872642.172636 11979008.354618 11458445.037791 13108393.485473 15363831.143631 
24 10974388.220762 16028539.072854 15781570.449353 12547972.943866 15440050.619736 12942038.560057 17163176.624390 15926071.455949 17264332.671146 12245339.817661 15484177.751498 765082.224339 15378729.375342 17439982.128204 14074240.031678 752715.915867 14755163.210212 12791578.150095 17016386.496845 15182586.104152 16051592.372721 12366692.431689 15555944.084819 984163.980239  .  17029459.594479 14855011.472564 12960760.012438 12436848.305518 14080804.521404 16347664.453677 
25 6081996.950016 1126656.083284 1257113.930198 4915637.159108 1788422.975697 4270626.428289 818291.781701 1598762.677823 472233.522741 5229925.403866 3166959.930280 17631694.414605 1678243.772519 569606.943831 2987565.625805 16321002.889835 2532749.351989 4320500.124986 43286.603008 3303462.718119 1266092.042468 4992674.147188 1484033.709186 16045822.574739 17029459.594479  .  2215223.386027 4102841.798071 4710973.307001 3463903.758767 690725.046600 
26 3977701.603942 1175772.648091 963794.329563 3221597.810094 688496.601299 2068584.100297 2591635.840546 1264206.901579 2409711.154890 3499144.138214 2268660.488041 15470229.872888 537154.400522 2585651.780859 781167.616002 14154061.558436 655033.350296 2105499.408691 2210084.871673 2184580.811048 1667723.217443 2810661.311862 740763.457522 13872642.172636 14855011.472564 2215223.386027  .  1898322.272429 2496055.213506 1524694.146378 1579948.790309 
27 2190160.332031 3068390.087652 2845743.393122 2252298.226257 2488370.430623 619579.187836 4379929.042804 3006952.936113 4307106.652963 2398859.739543 3164410.937284 13580893.149200 2429648.637149 4483252.663041 1117758.772406 12262765.668886 1857722.481965 323615.898868 4094653.974391 2918356.683135 3320751.776330 1256787.221450 2618810.059932 11979008.354618 12960760.012438 4102841.798071 1898322.272429  .  699996.562329 1574113.658539 3442124.107292 
28 1977081.542697 3637620.430896 3458641.885625 2625981.094081 3018017.153177 524980.579519 5037359.655700 3489320.770934 4878927.709986 2698738.776257 3338607.253343 13072862.963378 3033209.533163 5055340.122635 1736900.140062 11750096.258094 2318441.899913 402869.934435 4706133.373723 3060513.669186 3996812.256295 635571.463859 3233447.614926 11458445.037791 12436848.305518 4710973.307001 2496055.213506 699996.562329  .  1749960.367115 4068775.554005 
29 3682596.954596 2338267.777651 2343205.487553 3720515.739787 1679204.743323 1228152.962786 4004993.289632 1975898.846095 3501592.330640 3912473.695758 1606717.041050 14734278.577521 1947963.205505 3671131.873123 1254343.585901 13408588.729617 957072.416278 1523329.458784 3472274.508157 1347744.857160 3178881.735768 1715710.817708 2159506.466765 13108393.485473 14080804.521404 3463903.758767 1524694.146378 1574113.658539 1749960.367115  .  2945921.197181 
30 5393901.071581 692110.468061 621087.199754 4241201.892153 1284326.177418 3648468.856932 1061723.716416 1310242.134111 1050382.068583 4553649.507812 2943153.704787 16947077.001654 1048911.554899 1200862.601825 2334432.086116 15637580.130570 1991042.463133 3673111.936764 672400.356930 3021383.275918 742115.631152 4386816.810627 839314.196234 15363831.143631 16347664.453677 690725.046600 1579948.790309 3442124.107292 4068775.554005 2945921.197181  .  
;

param t:
 0	 1	 2	 3	 4	 5	 6	 7	 8	 9	 10	 11	 12	 13	 14	 15	 16	 17	 18	 19	 20	 21	 22	 23	 24	 25	 26	 27	 28	 29	 30	:=
0  .  61.755908 58.247624 23.258410 55.495857 29.625564 74.270796 62.021219 76.255504 21.077235 63.459117 138.726120 53.687376 78.327591 38.640462 123.079019 48.490738 25.936094 72.791188 60.233641 60.936153 28.447374 55.594962 119.883346 131.692659 72.983963 47.732419 26.281924 23.724979 44.191163 64.726813 
1 61.755908  .  5.144642 50.749060 7.943011 38.115425 20.726171 7.569874 14.903179 54.329488 27.081679 199.744362 8.151359 17.020828 23.457763 183.944654 16.892340 39.093223 13.608988 27.952531 15.388010 46.594638 6.870729 180.557519 192.342469 13.519873 14.109272 36.820681 43.651445 28.059213 8.305326 
2 58.247624 5.144642  .  46.102580 8.753579 36.366192 19.983497 11.730997 18.027283 49.740715 30.410566 196.662792 5.145423 20.085364 20.769240 180.908635 16.633617 36.790216 14.995255 30.775093 11.525532 45.196741 2.723434 177.579482 189.378845 15.085367 11.565532 34.148921 41.503703 28.118466 7.453046 
3 23.258410 50.749060 46.102580  .  46.866971 34.156567 57.655802 53.762167 63.417980 3.829133 62.346307 157.004312 42.864011 65.293607 32.244645 141.732211 43.100347 29.783105 58.667484 59.960920 44.727404 39.017073 43.895219 138.838322 150.575675 58.987646 38.659174 27.027579 31.511773 44.646189 50.894423 
4 55.495857 7.943011 8.753579 46.866971  .  30.488342 28.146349 6.910528 22.506543 50.229991 22.234951 192.786481 5.938187 24.609239 16.855596 176.951189 8.964269 31.800062 21.541530 22.245563 20.121530 38.789119 7.518446 173.513366 185.280607 21.461076 8.261959 29.860445 36.216206 20.150457 15.411914 
5 29.625564 38.115425 36.366192 34.156567 30.488342  .  55.772770 35.879543 52.953277 35.636834 33.899944 162.989043 31.222391 55.064698 16.250429 147.104811 21.864781 4.457403 51.222690 30.622648 43.738391 9.163096 33.710034 143.579108 155.304463 51.247517 24.823009 7.434950 6.299767 14.737836 43.781626 
6 74.270796 20.726171 19.983497 57.655802 28.146349 55.772770  .  27.624653 14.737536 61.484664 47.031353 212.913723 24.973355 14.932759 39.653589 197.319219 36.583680 55.632302 9.354148 48.346381 13.342018 64.784779 22.395366 194.149649 205.958119 9.819501 31.099630 52.559149 60.448316 48.059919 12.740685 
7 62.021219 7.569874 11.730997 53.762167 6.910528 35.879543 27.624653  .  18.521024 57.137085 19.600222 198.717310 11.700529 20.486795 23.464888 182.854393 14.050904 37.682697 19.424335 20.722709 22.851790 43.627934 12.070536 179.368347 191.112857 19.185152 15.170483 36.083435 41.871849 23.710786 15.722906 
8 76.255504 14.903179 18.027283 63.417980 22.506543 52.953277 14.737536 18.521024  .  67.146024 35.799188 214.528771 22.650004 2.117650 38.290068 198.747138 31.395905 53.996375 6.176697 37.872970 20.534892 61.288032 20.660841 195.381418 207.171992 5.666802 28.916534 51.685280 58.547133 42.019108 12.604585 
9 21.077235 54.329488 49.740715 3.829133 50.229991 35.636834 61.484664 57.137085 67.146024  .  65.034643 153.323562 46.386841 69.034072 35.181738 138.085731 46.097396 31.195753 62.443337 62.530325 48.546027 39.705040 47.491340 135.218438 146.944078 62.759105 41.989730 28.786317 32.384865 46.949684 54.643794 
10 63.459117 27.081679 30.410566 62.346307 22.234951 33.899944 47.031353 19.600222 35.799188 65.034643  .  193.883547 28.100384 37.358282 30.315946 177.970256 20.149118 37.560502 38.328190 3.619149 41.922005 38.228016 29.705963 174.256931 185.810133 38.003519 27.223926 37.972931 40.063287 19.280604 35.317844 
11 138.726120 199.744362 196.662792 157.004312 192.786481 162.989043 212.913723 198.717310 214.528771 153.323562 193.883547  .  191.882115 216.630561 176.287111 15.916197 184.671997 161.052515 211.410005 190.265866 199.572171 156.276790 193.964989 19.702859 9.180987 211.580333 185.642758 162.970718 156.874356 176.811343 203.364924 
12 53.687376 8.151359 5.145423 42.864011 5.938187 31.222391 24.973355 11.700529 22.650004 46.386841 28.100384 191.882115  .  24.748880 15.745724 176.105951 11.961363 31.707205 20.075199 27.915367 15.045537 40.055310 2.579383 172.750849 184.544753 20.138925 6.445853 29.155784 36.398514 23.375558 12.586939 
13 78.327591 17.020828 20.085364 65.293607 24.609239 55.064698 14.932759 20.486795 2.117650 69.034072 37.358282 216.630561 24.748880  .  40.401698 200.851409 33.485655 56.114017 7.298771 39.538791 21.998197 63.384174 22.734120 197.488523 209.279786 6.835283 31.027821 53.799032 60.664081 44.053582 14.410351 
14 38.640462 23.457763 20.769240 32.244645 16.855596 16.250429 39.653589 23.464888 38.290068 35.181738 30.315946 176.287111 15.745724 40.401698  .  160.487086 10.933210 16.068762 35.764409 28.253521 27.489146 25.390314 18.049434 157.103827 168.890880 35.850788 9.374011 13.413105 20.842802 15.052123 28.013185 
15 123.079019 183.944654 180.908635 141.732211 176.951189 147.104811 197.319219 182.854393 198.747138 138.085731 177.970256 15.916197 176.105951 200.851409 160.487086  .  168.806646 145.200062 195.687645 174.352752 183.977598 140.364549 178.206548 4.192957 9.032591 195.852035 169.848739 147.153188 141.001155 160.903065 187.650962 
16 48.490738 16.892340 16.633617 43.100347 8.964269 21.864781 36.583680 14.050904 31.395905 46.097396 20.149118 184.671997 11.961363 33.485655 10.933210 168.806646  .  23.665580 30.456336 18.708570 26.911818 29.908844 14.467121 165.317872 177.061959 30.392992 7.860400 22.292670 27.821303 11.484869 23.892510 
17 25.936094 39.093223 36.790216 29.783105 31.800062 4.457403 55.632302 37.682697 53.996375 31.195753 37.560502 161.052515 31.707205 56.114017 16.068762 145.200062 23.665580  .  51.776796 34.402358 43.127342 11.199718 34.079467 141.739313 153.498938 51.846001 25.265993 3.883391 4.834439 18.279954 44.077343 
18 72.791188 13.608988 14.995255 58.667484 21.541530 51.222690 9.354148 19.424335 6.176697 62.443337 38.328190 211.410005 20.075199 7.298771 35.764409 195.687645 30.456336 51.776796  .  39.931462 14.766848 59.914825 17.715505 192.392066 204.196638 0.519439 26.521018 49.135848 56.473600 41.667294 8.068804 
19 60.233641 27.952531 30.775093 59.960920 22.245563 30.622648 48.346381 20.722709 37.872970 62.530325 3.619149 190.265866 27.915367 39.538791 28.253521 174.352752 18.708570 34.402358 39.931462  .  42.285686 34.680797 29.760963 170.638434 182.191033 39.641553 26.214970 35.020280 36.726164 16.172938 36.256599 
20 60.936153 15.388010 11.525532 44.727404 20.121530 43.738391 13.342018 22.851790 20.534892 48.546027 41.922005 199.572171 15.045537 21.998197 27.489146 183.977598 26.911818 43.127342 14.766848 42.285686  .  52.877584 12.750027 180.810933 192.619108 15.193105 20.012679 39.849021 47.961747 38.146581 8.905388 
21 28.447374 46.594638 45.196741 39.017073 38.789119 9.163096 64.784779 43.627934 61.288032 39.705040 38.228016 156.276790 40.055310 63.384174 25.390314 140.364549 29.908844 11.199718 59.914825 34.680797 52.877584  .  42.581788 136.743743 148.400309 59.912090 33.727936 15.081447 7.626858 20.588530 52.641802 
22 55.594962 6.870729 2.723434 43.895219 7.518446 33.710034 22.395366 12.070536 20.660841 47.491340 29.705963 193.964989 2.579383 22.734120 18.049434 178.206548 14.467121 34.079467 17.715505 29.760963 12.750027 42.581788  .  174.872801 186.671329 17.808405 8.889161 31.425721 38.801371 25.914078 10.071770 
23 119.883346 180.557519 177.579482 138.838322 173.513366 143.579108 194.149649 179.368347 195.381418 135.218438 174.256931 19.702859 172.750849 197.488523 157.103827 4.192957 165.317872 141.739313 192.392066 170.638434 180.810933 136.743743 174.872801  .  11.809968 192.549871 166.471706 143.748100 137.501340 157.300722 184.365974 
24 131.692659 192.342469 189.378845 150.575675 185.280607 155.304463 205.958119 191.112857 207.171992 146.944078 185.810133 9.180987 184.544753 209.279786 168.890880 9.032591 177.061959 153.498938 204.196638 182.191033 192.619108 148.400309 186.671329 11.809968  .  204.353515 178.260138 155.529120 149.242180 168.969654 196.171973 
25 72.983963 13.519873 15.085367 58.987646 21.461076 51.247517 9.819501 19.185152 5.666802 62.759105 38.003519 211.580333 20.138925 6.835283 35.850788 195.852035 30.392992 51.846001 0.519439 39.641553 15.193105 59.912090 17.808405 192.549871 204.353515  .  26.582681 49.234102 56.531680 41.566845 8.288701 
26 47.732419 14.109272 11.565532 38.659174 8.261959 24.823009 31.099630 15.170483 28.916534 41.989730 27.223926 185.642758 6.445853 31.027821 9.374011 169.848739 7.860400 25.265993 26.521018 26.214970 20.012679 33.727936 8.889161 166.471706 178.260138 26.582681  .  22.779867 29.952663 18.296330 18.959385 
27 26.281924 36.820681 34.148921 27.027579 29.860445 7.434950 52.559149 36.083435 51.685280 28.786317 37.972931 162.970718 29.155784 53.799032 13.413105 147.153188 22.292670 3.883391 49.135848 35.020280 39.849021 15.081447 31.425721 143.748100 155.529120 49.234102 22.779867  .  8.399959 18.889364 41.305489 
28 23.724979 43.651445 41.503703 31.511773 36.216206 6.299767 60.448316 41.871849 58.547133 32.384865 40.063287 156.874356 36.398514 60.664081 20.842802 141.001155 27.821303 4.834439 56.473600 36.726164 47.961747 7.626858 38.801371 137.501340 149.242180 56.531680 29.952663 8.399959  .  20.999524 48.825307 
29 44.191163 28.059213 28.118466 44.646189 20.150457 14.737836 48.059919 23.710786 42.019108 46.949684 19.280604 176.811343 23.375558 44.053582 15.052123 160.903065 11.484869 18.279954 41.667294 16.172938 38.146581 20.588530 25.914078 157.300722 168.969654 41.566845 18.296330 18.889364 20.999524  .  35.351054 
30 64.726813 8.305326 7.453046 50.894423 15.411914 43.781626 12.740685 15.722906 12.604585 54.643794 35.317844 203.364924 12.586939 14.410351 28.013185 187.650962 23.892510 44.077343 8.068804 36.256599 8.905388 52.641802 10.071770 184.365974 196.171973 8.288701 18.959385 41.305489 48.825307 35.351054  .  
;

