param V1=30;
param COST_cm=0.00451414;
param COST_min=2000;
param K1=3;
param M=9000000;
param CV=100000;
param U=273;
param Dem:=
0 0
1 16
2 6
3 16
4 6
5 9
6 4
7 6
8 6
9 12
10 15
11 8
12 4
13 8
14 1
15 14
16 15
17 91
18 15
19 12
20 1
21 6
22 2
23 2
24 12
25 16
26 10
27 8
28 3
29 12
30 15
;

param a:=
0 0
1 12
2 4
3 5
4 10
5 18
6 0
7 5
8 10
9 10
10 4
11 15
12 11
13 12
14 15
15 18
16 238
17 74
18 296
19 125
20 119
21 267
22 96
23 239
24 161
25 73
26 61
27 222
28 290
29 312
30 85
;

param b:=
0 1440
1 583
2 591
3 549
4 498
5 522
6 515
7 528
8 551
9 551
10 600
11 520
12 532
13 563
14 521
15 582
16 943
17 766
18 969
19 800
20 894
21 984
22 805
23 1002
24 917
25 817
26 833
27 919
28 1051
29 983
30 745
;

param s:=
1 36
2 36
3 33
4 45
5 30
6 30
7 37
8 35
9 40
10 30
11 35
12 40
13 36
14 36
15 32
16 39
17 42
18 43
19 39
20 39
21 40
22 34
23 36
24 40
25 34
26 38
27 37
28 45
29 30
30 31
;

param D:
 0	 1	 2	 3	 4	 5	 6	 7	 8	 9	 10	 11	 12	 13	 14	 15	 16	 17	 18	 19	 20	 21	 22	 23	 24	 25	 26	 27	 28	 29	 30	:=
0  .  5836119.248268 4154591.307217 4047022.269521 6065932.314987 4225744.963909 2557382.978750 3760147.457215 9859896.308785 5748304.846648 2682542.191653 1523829.245683 4121897.117833 3879360.964128 4973605.623690 2007753.084919 6251153.897482 2148384.772335 6374251.079146 1966345.658830 4387905.060504 5162877.024489 6459595.743543 3753803.985293 5393901.071581 4685477.628802 4105364.876597 11641678.210636 3313633.167688 5403279.242275 3082015.614821 
1 5836119.248268  .  1905150.453376 1846666.534597 1039156.220209 1802035.787658 4285377.007919 2662769.013640 15566636.148507 762317.735593 4389749.825446 5349760.403046 1756647.377819 1957424.545161 1111754.874062 4155963.311917 1016444.238510 3875644.128400 1131118.817808 4250933.536295 1495903.639945 2299301.730961 1085783.795237 2685931.138358 1072794.132161 1420677.137847 1797318.906038 17373383.976647 2534717.966560 3041657.858800 2811193.442295 
2 4154591.307217 1905150.453376  .  1134471.524543 2599072.776973 1440806.902399 2380246.888455 798031.058293 13722960.173738 2204536.704163 2487869.224859 4026366.851145 1074992.772069 740311.623575 1634419.178179 2308427.213494 2701541.918979 2059631.753494 2838224.925900 2396137.199745 1115529.582754 1435658.907958 2856187.056199 823257.146947 2086813.671606 1591217.546409 1158442.618346 15535348.649129 961237.129953 2108912.866858 1086882.155526 
3 4047022.269521 1846666.534597 1134471.524543  .  2054037.317090 336143.793636 2977593.392322 1771815.726875 13864647.139037 1710445.099967 3138360.979875 3506846.974135 99150.895104 448029.574917 940646.293779 2595755.304338 2224413.940794 2281604.391651 2353554.989797 2699487.655093 351258.608435 2511812.369585 2426475.093629 1796121.290448 1398071.593303 698974.706266 61629.376112 15660217.448363 917599.967306 3227250.383841 1253871.771753 
4 6065932.314987 1039156.220209 2599072.776973 2054037.317090  .  1840579.433222 4906336.226758 3396818.701373 15908752.383829 394764.258767 5040156.666216 5323883.308263 1998001.851851 2356304.258792 1114460.071066 4625916.611873 212049.899788 4318445.324419 311580.503241 4727956.990075 1750226.399641 3293358.656448 425092.037093 3421926.587465 672400.356930 1381703.014399 1992746.406345 17700090.187623 2933826.559291 4052236.303574 3257768.229939 
5 4225744.963909 1802035.787658 1440806.902399 336143.793636 1840579.433222  .  3294034.152828 2105141.325422 14069993.280738 1530806.392069 3458952.183827 3571030.715354 368615.043101 783389.871009 762768.772303 2877096.148897 2025968.274678 2559228.229369 2148506.578999 2981529.850597 415887.388604 2772954.592127 2235856.697107 2129617.679303 1169422.836274 459998.054344 292389.757003 15860061.269112 1226565.762607 3506656.922198 1562419.549929 
6 2557382.978750 4285377.007919 2380246.888455 2977593.392322 4906336.226758 3294034.152828  .  1663030.065874 11452638.532670 4519725.200717 204887.017646 3317675.199594 2995529.023395 2582204.571679 3833123.363525 793763.295952 5034671.791686 1000601.863880 5171485.643410 748300.106909 3198349.580643 2861657.605305 5205372.056827 1643924.919210 4311530.546105 3661721.274210 3035521.314371 13270449.117494 2067880.056967 2929858.121138 1733598.295454 
7 3760147.457215 2662769.013640 798031.058293 1771815.726875 3396818.701373 2105141.325422 1663030.065874  .  13097385.426107 3002184.532969 1742228.334634 3922764.317417 1741411.958728 1324564.837975 2416897.358185 1782652.431070 3496454.582860 1612723.736416 3632881.528484 1850585.812655 1850611.077455 1416900.748112 3646743.441757 25597.265479 2877759.880532 2338426.729662 1812817.676988 14913882.918275 1149797.847450 1841880.465720 1021474.057429 
8 9859896.308785 15566636.148507 13722960.173738 13864647.139037 15908752.383829 14069993.280738 11452638.532670 13097385.426107  .  15575090.150943 11417351.602276 10922354.752067 13930674.683231 13632996.096603 14803117.825647 11419692.141647 16087003.415490 11691809.117925 16213773.897523 11328776.967087 14191984.697004 14273331.043943 16290931.744072 13080733.750826 15239212.252935 14527405.467254 13924945.389121 1818541.531008 13045065.876798 14141489.322204 12756222.389485 
9 5748304.846648 762317.735593 2204536.704163 1710445.099967 394764.258767 1530806.392069 4519725.200717 3002184.532969 15575090.150943  .  4651142.225303 5072321.371916 1646412.979784 1984717.173806 774704.569497 4257432.996537 521304.613446 3953196.387735 656075.308177 4358691.312768 1389947.340729 2934058.162341 716442.112107 3027277.035555 429558.959865 1073202.683560 1650180.262880 17370315.687690 2567991.374596 3699652.680996 2887071.737938 
10 2682542.191653 4389749.825446 2487869.224859 3138360.979875 5040156.666216 3458952.183827 204887.017646 1742228.334634 11417351.602276 4651142.225303  .  3499998.814286 3152159.148901 2733597.677055 3977805.371056 993242.226247 5163153.580904 1205463.595469 5300135.018092 941612.425576 3347349.579892 2867468.866440 5329657.559356 1721339.667236 4455761.809164 3816438.129985 3195369.665626 13235763.185023 2235421.951221 2881042.235025 1904017.547188 
11 1523829.245683 5349760.403046 4026366.851145 3506846.974135 5323883.308263 3571030.715354 3317675.199594 3922764.317417 10922354.752067 5072321.371916 3499998.814286  .  3600397.055881 3510863.967744 4327554.867359 2551133.273665 5527861.539511 2489412.400548 5634369.222016 2574907.225513 3855549.674171 5311925.737433 5743612.368536 3926503.641919 4667336.203875 4010246.339067 3553770.847987 12659322.367726 3068488.227124 5746003.809605 2979687.641348 
12 4121897.117833 1756647.377819 1074992.772069 99150.895104 1998001.851851 368615.043101 2995529.023395 1741411.958728 13930674.683231 1646412.979784 3152159.148901 3600397.055881  .  430550.949366 883687.303292 2637427.932665 2163463.482474 2325764.033603 2294123.869803 2740626.005131 266605.870153 2433711.979672 2362849.550860 1766111.392297 1350354.101708 667142.638421 87087.312509 15727653.530327 949309.517492 3155830.505588 1283058.361884 
13 3879360.964128 1957424.545161 740311.623575 448029.574917 2356304.258792 783389.871009 2582204.571679 1324564.837975 13632996.096603 1984717.173806 2733597.677055 3510863.967744 430550.949366  .  1257167.216404 2272799.916403 2506021.651942 1970413.484526 2640368.188340 2373974.713429 617200.753402 2166509.312235 2695069.312652 1348736.078705 1734697.437595 1084162.469374 492758.764509 15435540.135998 589105.932749 2849070.939798 902378.058244 
14 4973605.623690 1111754.874062 1634419.178179 940646.293779 1114460.071066 762768.772303 3833123.363525 2416897.358185 14803117.825647 774704.569497 3977805.371056 4327554.867359 883687.303292 1257167.216404  .  3516676.307254 1284235.262715 3207085.931184 1412920.861195 3619312.621203 641897.343818 2678380.870974 1488296.371695 2442493.074709 478427.727039 320810.800940 879647.139483 16597284.082042 1824630.354346 3450558.362063 2152825.791837 
15 2007753.084919 4155963.311917 2308427.213494 2595755.304338 4625916.611873 2877096.148897 793763.295952 1782652.431070 11419692.141647 4257432.996537 993242.226247 2551133.273665 2637427.932665 2272799.916403 3516676.307254  .  4778729.481777 320328.144252 4912847.708814 104682.376740 2876310.840295 3164037.032021 4967395.931472 1773127.454528 3987615.871671 3294600.752747 2657078.534782 13230412.406649 1692332.053706 3402433.211688 1370761.372377 
16 6251153.897482 1016444.238510 2701541.918979 2224413.940794 212049.899788 2025968.274678 5034671.791686 3496454.582860 16087003.415490 521304.613446 5163153.580904 5527861.539511 2163463.482474 2506021.651942 1284235.262715 4778729.481777  .  4474288.844051 137021.494664 4879995.911884 1909413.347078 3307803.343610 215914.242235 3521256.061408 865606.122899 1565985.600189 2163617.794344 17880404.122111 3089018.031673 4056417.377440 3408373.600414 
17 2148384.772335 3875644.128400 2059631.753494 2281604.391651 4318445.324419 2559228.229369 1000601.863880 1612723.736416 11691809.117925 3953196.387735 1205463.595469 2489412.400548 2325764.033603 1970413.484526 3207085.931184 320328.144252 4474288.844051  .  4607787.196692 424924.322674 2568220.109336 3022242.548175 4665201.176798 1607140.606792 3676070.241440 2979978.268377 2343064.322634 13500039.935126 1385314.440840 3328371.523733 1072251.696198 
18 6374251.079146 1131118.817808 2838224.925900 2353554.989797 311580.503241 2148506.578999 5171485.643410 3632881.528484 16213773.897523 656075.308177 5300135.018092 5634369.222016 2294123.869803 2640368.188340 1412920.861195 4912847.708814 137021.494664 4607787.196692  .  5014262.574896 2041607.415739 3427981.780873 145660.873264 3657660.052547 982518.239016 1688900.000000 2292565.394923 18006225.337366 3222472.797403 4172771.770658 3542745.383174 
19 1966345.658830 4250933.536295 2396137.199745 2699487.655093 4727956.990075 2981529.850597 748300.106909 1850585.812655 11328776.967087 4358691.312768 941612.425576 2574907.225513 2740626.005131 2373974.713429 3619312.621203 104682.376740 4879995.911884 424924.322674 5014262.574896  .  2978669.362316 3220097.951926 5068070.522398 1840019.893914 4090678.479177 3398388.141458 2760777.502806 13140202.898357 1794760.268114 3437401.914237 1471665.620989 
20 4387905.060504 1495903.639945 1115529.582754 351258.608435 1750226.399641 415887.388604 3198349.580643 1850611.077455 14191984.697004 1389947.340729 3347349.579892 3855549.674171 266605.870153 617200.753402 641897.343818 2876310.840295 1909413.347078 2568220.109336 2041607.415739 2978669.362316  .  2380022.842327 2105729.025777 1875988.768623 1118139.942047 488464.133791 301779.605010 15989896.738253 1183979.767564 3125641.196619 1511000.069490 
21 5162877.024489 2299301.730961 1435658.907958 2511812.369585 3293358.656448 2772954.592127 2861657.605305 1416900.748112 14273331.043943 2934058.162341 2867468.866440 5311925.737433 2433711.979672 2166509.312235 2678380.870974 3164037.032021 3307803.343610 3022242.548175 3427981.780873 3220097.951926 2380022.842327  .  3384346.317976 1419371.709595 3015110.114075 2772920.067366 2520791.344003 16091830.573617 2335671.346744 774609.282155 2342009.197249 
22 6459595.743543 1085783.795237 2856187.056199 2426475.093629 425092.037093 2235856.697107 5205372.056827 3646743.441757 16290931.744072 716442.112107 5329657.559356 5743612.368536 2362849.550860 2695069.312652 1488296.371695 4967395.931472 215914.242235 4665201.176798 145660.873264 5068070.522398 2105729.025777 3384346.317976  .  3671247.478719 1079846.748386 1775938.540603 2366045.012251 18085539.118589 3280696.365103 4120845.488489 3596635.522262 
23 3753803.985293 2685931.138358 823257.146947 1796121.290448 3421926.587465 2129617.679303 1643924.919210 25597.265479 13080733.750826 3027277.035555 1721339.667236 3926503.641919 1766111.392297 1348736.078705 2442493.074709 1773127.454528 3521256.061408 1607140.606792 3657660.052547 1840019.893914 1875988.768623 1419371.709595 3671247.478719  .  2903311.841673 2363842.264196 1837319.691834 14897349.758934 1167804.114567 1834088.931868 1033638.703803 
24 5393901.071581 1072794.132161 2086813.671606 1398071.593303 672400.356930 1169422.836274 4311530.546105 2877759.880532 15239212.252935 429558.959865 4455761.809164 4667336.203875 1350354.101708 1734697.437595 478427.727039 3987615.871671 865606.122899 3676070.241440 982518.239016 4090678.479177 1118139.942047 3015110.114075 1079846.748386 2903311.841673  .  712377.217491 1336450.522840 17029481.871449 2297162.780475 3789447.920212 2627486.114140 
25 4685477.628802 1420677.137847 1591217.546409 698974.706266 1381703.014399 459998.054344 3661721.274210 2338426.729662 14527405.467254 1073202.683560 3816438.129985 4010246.339067 667142.638421 1084162.469374 320810.800940 3294600.752747 1565985.600189 2979978.268377 1688900.000000 3398388.141458 488464.133791 2772920.067366 1775938.540603 2363842.264196 712377.217491  .  637852.098844 16318394.010748 1613714.751745 3535131.731633 1948841.404527 
26 4105364.876597 1797318.906038 1158442.618346 61629.376112 1992746.406345 292389.757003 3035521.314371 1812817.676988 13924945.389121 1650180.262880 3195369.665626 3553770.847987 87087.312509 492758.764509 879647.139483 2657078.534782 2163617.794344 2343064.322634 2292565.394923 2760777.502806 301779.605010 2520791.344003 2366045.012251 1837319.691834 1336450.522840 637852.098844  .  15720254.858303 977536.106750 3242358.638399 1313582.612552 
27 11641678.210636 17373383.976647 15535348.649129 15660217.448363 17700090.187623 15860061.269112 13270449.117494 14913882.918275 1818541.531008 17370315.687690 13235763.185023 12659322.367726 15727653.530327 15435540.135998 16597284.082042 13230412.406649 17880404.122111 13500039.935126 18006225.337366 13140202.898357 15989896.738253 16091830.573617 18085539.118589 14897349.758934 17029481.871449 16318394.010748 15720254.858303  .  14848315.514226 15957038.580200 14562318.828058 
28 3313633.167688 2534717.966560 961237.129953 917599.967306 2933826.559291 1226565.762607 2067880.056967 1149797.847450 13045065.876798 2567991.374596 2235421.951221 3068488.227124 949309.517492 589105.932749 1824630.354346 1692332.053706 3089018.031673 1385314.440840 3222472.797403 1794760.268114 1183979.767564 2335671.346744 3280696.365103 1167804.114567 2297162.780475 1613714.751745 977536.106750 14848315.514226  .  2918313.242269 336585.264086 
29 5403279.242275 3041657.858800 2108912.866858 3227250.383841 4052236.303574 3506656.922198 2929858.121138 1841880.465720 14141489.322204 3699652.680996 2881042.235025 5746003.809605 3155830.505588 2849070.939798 3450558.362063 3402433.211688 4056417.377440 3328371.523733 4172771.770658 3437401.914237 3125641.196619 774609.282155 4120845.488489 1834088.931868 3789447.920212 3535131.731633 3242358.638399 15957038.580200 2918313.242269  .  2854054.186591 
30 3082015.614821 2811193.442295 1086882.155526 1253871.771753 3257768.229939 1562419.549929 1733598.295454 1021474.057429 12756222.389485 2887071.737938 1904017.547188 2979687.641348 1283058.361884 902378.058244 2152825.791837 1370761.372377 3408373.600414 1072251.696198 3542745.383174 1471665.620989 1511000.069490 2342009.197249 3596635.522262 1033638.703803 2627486.114140 1948841.404527 1313582.612552 14562318.828058 336585.264086 2854054.186591  .  
;

param t:
 0	 1	 2	 3	 4	 5	 6	 7	 8	 9	 10	 11	 12	 13	 14	 15	 16	 17	 18	 19	 20	 21	 22	 23	 24	 25	 26	 27	 28	 29	 30	:=
0  .  70.033431 49.855096 48.564267 72.791188 50.708940 30.688596 45.121769 118.318756 68.979658 32.190506 18.285951 49.462765 46.552332 59.683267 24.093037 75.013847 25.780617 76.491013 23.596148 52.654861 61.954524 77.515149 45.045648 64.726813 56.225732 49.264379 139.700139 39.763598 64.839351 36.984187 
1 70.033431  .  22.861805 22.159998 12.469875 21.624429 51.424524 31.953228 186.799634 9.147813 52.676998 64.197125 21.079769 23.489095 13.341058 49.871560 12.197331 46.507730 13.573426 51.011202 17.950844 27.591621 13.029406 32.231174 12.873530 17.048126 21.567827 208.480608 30.416616 36.499894 33.734321 
2 49.855096 22.861805  .  13.613658 31.188873 17.289683 28.562963 9.576373 164.675522 26.454440 29.854431 48.316402 12.899913 8.883739 19.613030 27.701127 32.418503 24.715581 34.058699 28.753646 13.386355 17.227907 34.274245 9.879086 25.041764 19.094611 13.901311 186.424184 11.534846 25.306954 13.042586 
3 48.564267 22.159998 13.613658  .  24.648448 4.033726 35.731121 21.261789 166.375766 20.525341 37.660332 42.082164 1.189811 5.376355 11.287756 31.149064 26.692967 27.379253 28.242660 32.393852 4.215103 30.141748 29.117701 21.553455 16.776859 8.387696 0.739553 187.922609 11.011200 38.727005 15.046461 
4 72.791188 12.469875 31.188873 24.648448  .  22.086953 58.876035 40.761824 190.905029 4.737171 60.481880 63.886600 23.976022 28.275651 13.373521 55.510999 2.544599 51.821344 3.738966 56.735484 21.002717 39.520304 5.101104 41.063119 8.068804 16.580436 23.912957 212.401082 35.205919 48.626836 39.093219 
5 50.708940 21.624429 17.289683 4.033726 22.086953  .  39.528410 25.261696 168.839919 18.369677 41.507426 42.852369 4.423381 9.400678 9.153225 34.525154 24.311619 30.710739 25.782079 35.778358 4.990649 33.275455 26.830280 25.555412 14.033074 5.519977 3.508677 190.320735 14.718789 42.079883 18.749035 
6 30.688596 51.424524 28.562963 35.731121 58.876035 39.528410  .  19.956361 137.431662 54.236702 2.458644 39.812102 35.946348 30.986455 45.997480 9.525160 60.416062 12.007222 62.057828 8.979601 38.380195 34.339891 62.464465 19.727099 51.738367 43.940655 36.426256 159.245389 24.814561 35.158297 20.803180 
7 45.121769 31.953228 9.576373 21.261789 40.761824 25.261696 19.956361  .  157.168625 36.026214 20.906740 47.073172 20.896944 15.894778 29.002768 21.391829 41.957455 19.352685 43.594578 22.207030 22.207333 17.002809 43.760921 0.307167 34.533119 28.061121 21.753812 178.966595 13.797574 22.102566 12.257689 
8 118.318756 186.799634 164.675522 166.375766 190.905029 168.839919 137.431662 157.168625  .  186.901082 137.008219 131.068257 167.168096 163.595953 177.637414 137.036306 193.044041 140.301709 194.565287 135.945324 170.303816 171.279973 195.491181 156.968805 182.870547 174.328866 167.099345 21.822498 156.540791 169.697872 153.074669 
9 68.979658 9.147813 26.454440 20.525341 4.737171 18.369677 54.236702 36.026214 186.901082  .  55.813707 60.867856 19.756956 23.816606 9.296455 51.089196 6.255655 47.438357 7.872904 52.304296 16.679368 35.208698 8.597305 36.327324 5.154708 12.878432 19.802163 208.443788 30.815896 44.395832 34.644861 
10 32.190506 52.676998 29.854431 37.660332 60.481880 41.507426 2.458644 20.906740 137.008219 55.813707  .  41.999986 37.825910 32.803172 47.733664 11.918907 61.957843 14.465563 63.601620 11.299349 40.168195 34.409626 63.955891 20.656076 53.469142 45.797258 38.344436 158.829158 26.825063 34.572507 22.848211 
11 18.285951 64.197125 48.316402 42.082164 63.886600 42.852369 39.812102 47.073172 131.068257 60.867856 41.999986  .  43.204765 42.130368 51.930658 30.613599 66.334338 29.872949 67.612431 30.898887 46.266596 63.743109 68.923348 47.118044 56.008034 48.122956 42.645250 151.911868 36.821859 68.952046 35.756252 
12 49.462765 21.079769 12.899913 1.189811 23.976022 4.423381 35.946348 20.896944 167.168096 19.756956 37.825910 43.204765  .  5.166611 10.604248 31.649135 25.961562 27.909168 27.529486 32.887512 3.199270 29.204544 28.354195 21.193337 16.204249 8.005712 1.045048 188.731842 11.391714 37.869966 15.396700 
13 46.552332 23.489095 8.883739 5.376355 28.275651 9.400678 30.986455 15.894778 163.595953 23.816606 32.803172 42.130368 5.166611  .  15.086007 27.273599 30.072260 23.644962 31.684418 28.487697 7.406409 25.998112 32.340832 16.184833 20.816369 13.009950 5.913105 185.226482 7.069271 34.188851 10.828537 
14 59.683267 13.341058 19.613030 11.287756 13.373521 9.153225 45.997480 29.002768 177.637414 9.296455 47.733664 51.930658 10.604248 15.086007  .  42.200116 15.410823 38.485031 16.955050 43.431751 7.702768 32.140570 17.859556 29.309917 5.741133 3.849730 10.555766 199.167409 21.895564 41.406700 25.833910 
15 24.093037 49.871560 27.701127 31.149064 55.510999 34.525154 9.525160 21.391829 137.036306 51.089196 11.918907 30.613599 31.649135 27.273599 42.200116  .  57.344754 3.843938 58.954173 1.256189 34.515730 37.968444 59.608751 21.277529 47.851390 39.535209 31.884942 158.764949 20.307985 40.829199 16.449136 
16 75.013847 12.197331 32.418503 26.692967 2.544599 24.311619 60.416062 41.957455 193.044041 6.255655 61.957843 66.334338 25.961562 30.072260 15.410823 57.344754  .  53.691466 1.644258 58.559951 22.912960 39.693640 2.590971 42.255073 10.387273 18.791827 25.963414 214.564849 37.068216 48.677009 40.900483 
17 25.780617 46.507730 24.715581 27.379253 51.821344 30.710739 12.007222 19.352685 140.301709 47.438357 14.465563 29.872949 27.909168 23.644962 38.485031 3.843938 53.691466  .  55.293446 5.099092 30.818641 36.266911 55.982414 19.285687 44.112843 35.759739 28.116772 162.000479 16.623773 39.940458 12.867020 
18 76.491013 13.573426 34.058699 28.242660 3.738966 25.782079 62.057828 43.594578 194.565287 7.872904 63.601620 67.612431 27.529486 31.684418 16.955050 58.954173 1.644258 55.293446  .  60.171151 24.499289 41.135781 1.747930 43.891921 11.790219 20.266800 27.510785 216.074704 38.669674 50.073261 42.512945 
19 23.596148 51.011202 28.753646 32.393852 56.735484 35.778358 8.979601 22.207030 135.945324 52.304296 11.299349 30.898887 32.887512 28.487697 43.431751 1.256189 58.559951 5.099092 60.171151  .  35.744032 38.641175 60.816846 22.080239 49.088142 40.780658 33.129330 157.682435 21.537123 41.248823 17.659987 
20 52.654861 17.950844 13.386355 4.215103 21.002717 4.990649 38.380195 22.207333 170.303816 16.679368 40.168195 46.266596 3.199270 7.406409 7.702768 34.515730 22.912960 30.818641 24.499289 35.744032  .  28.560274 25.268748 22.511865 13.417679 5.861570 3.621355 191.878761 14.207757 37.507694 18.132001 
21 61.954524 27.591621 17.227907 30.141748 39.520304 33.275455 34.339891 17.002809 171.279973 35.208698 34.409626 63.743109 29.204544 25.998112 32.140570 37.968444 39.693640 36.266911 41.135781 38.641175 28.560274  .  40.612156 17.032461 36.181321 33.275041 30.249496 193.101967 28.028056 9.295311 28.104110 
22 77.515149 13.029406 34.274245 29.117701 5.101104 26.830280 62.464465 43.760921 195.491181 8.597305 63.955891 68.923348 28.354195 32.340832 17.859556 59.608751 2.590971 55.982414 1.747930 60.816846 25.268748 40.612156  .  44.054970 12.958161 21.311262 28.392540 217.026469 39.368356 49.450146 43.159626 
23 45.045648 32.231174 9.879086 21.553455 41.063119 25.555412 19.727099 0.307167 156.968805 36.327324 20.656076 47.118044 21.193337 16.184833 29.309917 21.277529 42.255073 19.285687 43.891921 22.080239 22.511865 17.032461 44.054970  .  34.839742 28.366107 22.047836 178.768197 14.013649 22.009067 12.403664 
24 64.726813 12.873530 25.041764 16.776859 8.068804 14.033074 51.738367 34.533119 182.870547 5.154708 53.469142 56.008034 16.204249 20.816369 5.741133 47.851390 10.387273 44.112843 11.790219 49.088142 13.417679 36.181321 12.958161 34.839742  .  8.548527 16.037406 204.353782 27.565953 45.473375 31.529833 
25 56.225732 17.048126 19.094611 8.387696 16.580436 5.519977 43.940655 28.061121 174.328866 12.878432 45.797258 48.122956 8.005712 13.009950 3.849730 39.535209 18.791827 35.759739 20.266800 40.780658 5.861570 33.275041 21.311262 28.366107 8.548527  .  7.654225 195.820728 19.364577 42.421581 23.386097 
26 49.264379 21.567827 13.901311 0.739553 23.912957 3.508677 36.426256 21.753812 167.099345 19.802163 38.344436 42.645250 1.045048 5.913105 10.555766 31.884942 25.963414 28.116772 27.510785 33.129330 3.621355 30.249496 28.392540 22.047836 16.037406 7.654225  .  188.643058 11.730433 38.908304 15.762991 
27 139.700139 208.480608 186.424184 187.922609 212.401082 190.320735 159.245389 178.966595 21.822498 208.443788 158.829158 151.911868 188.731842 185.226482 199.167409 158.764949 214.564849 162.000479 216.074704 157.682435 191.878761 193.101967 217.026469 178.768197 204.353782 195.820728 188.643058  .  178.179786 191.484463 174.747826 
28 39.763598 30.416616 11.534846 11.011200 35.205919 14.718789 24.814561 13.797574 156.540791 30.815896 26.825063 36.821859 11.391714 7.069271 21.895564 20.307985 37.068216 16.623773 38.669674 21.537123 14.207757 28.028056 39.368356 14.013649 27.565953 19.364577 11.730433 178.179786  .  35.019759 4.039023 
29 64.839351 36.499894 25.306954 38.727005 48.626836 42.079883 35.158297 22.102566 169.697872 44.395832 34.572507 68.952046 37.869966 34.188851 41.406700 40.829199 48.677009 39.940458 50.073261 41.248823 37.507694 9.295311 49.450146 22.009067 45.473375 42.421581 38.908304 191.484463 35.019759  .  34.248650 
30 36.984187 33.734321 13.042586 15.046461 39.093219 18.749035 20.803180 12.257689 153.074669 34.644861 22.848211 35.756252 15.396700 10.828537 25.833910 16.449136 40.900483 12.867020 42.512945 17.659987 18.132001 28.104110 43.159626 12.403664 31.529833 23.386097 15.762991 174.747826 4.039023 34.248650  .  
;

