param V1=30;
param COST_cm=0.00451414;
param COST_min=2000;
param K1=3;
param M=9000000;
param CV=100000;
param U=315;
param Dem:=
0 0
1 10
2 2
3 16
4 23
5 105
6 4
7 3
8 3
9 11
10 4
11 8
12 14
13 1
14 4
15 1
16 4
17 6
18 6
19 5
20 7
21 27
22 6
23 21
24 7
25 4
26 2
27 6
28 2
29 8
30 6
;

param a:=
0 0
1 13
2 5
3 4
4 9
5 14
6 12
7 14
8 3
9 4
10 16
11 7
12 6
13 14
14 16
15 1
16 108
17 127
18 93
19 124
20 403
21 458
22 216
23 255
24 383
25 282
26 414
27 273
28 65
29 335
30 169
;

param b:=
0 1440
1 586
2 598
3 601
4 489
5 526
6 556
7 598
8 566
9 499
10 496
11 515
12 522
13 600
14 540
15 577
16 791
17 862
18 821
19 827
20 1114
21 1190
22 906
23 947
24 1148
25 969
26 1168
27 991
28 773
29 1078
30 860
;

param s:=
1 44
2 41
3 41
4 41
5 38
6 33
7 38
8 40
9 38
10 35
11 36
12 38
13 36
14 44
15 36
16 42
17 39
18 31
19 43
20 31
21 43
22 32
23 30
24 41
25 32
26 45
27 35
28 32
29 41
30 31
;

param D:
 0	 1	 2	 3	 4	 5	 6	 7	 8	 9	 10	 11	 12	 13	 14	 15	 16	 17	 18	 19	 20	 21	 22	 23	 24	 25	 26	 27	 28	 29	 30	:=
0  .  2889170.406882 11312773.098140 1470810.660826 4151051.098216 4690307.197828 10149981.892102 10974388.220762 3970288.374917 3576465.809986 5402935.056060 4701097.209163 3155504.012040 3066461.454185 10571345.080925 4973605.623690 731407.246341 10933500.059908 5703196.331883 4235088.278891 2601252.769340 3582819.409348 4601540.304072 11217752.862316 3769296.789854 5694069.515733 6203096.666182 3390696.217593 2045634.576360 950325.823073 1161707.725721 
1 2889170.406882  .  12756701.597592 4000265.196209 3315490.024114 3886643.699904 11609015.061150 12370188.151358 3203759.781881 2817874.328284 7676629.886871 4047280.525242 1930927.385999 205786.321217 11926528.179651 4269787.135209 3224809.606783 12342985.888350 4954503.845997 2915684.182143 711325.783309 2794373.346566 3968317.735515 12644191.433223 1960834.396373 3345184.474734 5264487.888674 2170315.663677 1378237.432375 3677570.074111 3587893.264856 
2 11312773.098140 12756701.597592  .  12028677.216136 15378118.841068 15948619.855649 1164261.422534 429047.887770 15204060.248828 14785391.496339 6471767.728372 15986474.361159 14150262.364352 12946812.305738 889484.530501 16258410.195650 10582292.455324 430389.370222 16996070.430838 15305648.444937 13058933.428117 14784212.229605 15887243.310279 133594.348683 14550541.667581 16087263.016436 17472905.792684 14421663.980623 12941431.170083 10477219.335301 12061796.796912 
3 1470810.660826 4000265.196209 12028677.216136  .  4098066.473351 4524148.451366 10880420.047498 11721589.500575 3920979.033354 3621739.760115 5757905.419508 4456672.454870 3557938.050332 4141228.978214 11346932.996189 4714502.105207 1931789.574462 11674361.633940 5379396.880692 4406383.497836 3515544.277918 3641426.275513 4362528.346040 11944577.618317 4265366.466085 6222322.078613 5928423.521477 3715319.857024 2799766.493835 1732056.456932 412777.954838 
4 4151051.098216 3315490.024114 15378118.841068 4098066.473351  .  594027.953888 14214019.206755 15022708.444219 182250.048011 593957.885712 9541968.824095 731839.114833 1399549.745454 3233193.296108 14603559.896135 963635.491252 4857045.161412 14986096.445039 1685876.086787 674328.592008 2682517.491089 598523.466541 655883.442389 15277204.731887 1541014.681955 2715805.451427 2103681.204460 1145834.063030 2497122.672197 5079468.484989 3822372.260783 
5 4690307.197828 3886643.699904 15948619.855649 4524148.451366 594027.953888  .  14784377.143458 15595728.800220 752578.055752 1180503.434980 10062051.371862 248428.661792 1986016.656526 3794974.353010 15178605.786106 385265.064598 5405022.209945 15558482.238638 1091915.624030 1064061.173054 3267486.719177 1188452.796707 260202.421203 15848630.516546 2039329.703604 2841825.430951 1524421.864183 1725142.049224 3089385.636336 5606435.346992 4278917.046403 
6 10149981.892102 11609015.061150 1164261.422534 10880420.047498 14214019.206755 14784377.143458  .  846524.665914 14039897.240721 13621347.782066 5383079.123513 14822274.702622 12988404.012811 11800381.201470 587167.991294 15094196.947503 9419310.992318 795097.006660 15831919.139826 14143634.034434 11902562.854276 13620228.096842 14723050.181943 1068212.361846 13392980.079131 14943920.691037 16308655.577331 13259561.548181 11779085.713671 9318163.051804 10907368.355841 
7 10974388.220762 12370188.151358 429047.887770 11721589.500575 15022708.444219 15595728.800220 846524.665914  .  14849533.490315 14429442.593877 6225386.995200 15637415.339179 13784303.634569 12559126.907950 463572.906887 15909027.385733 10243226.117781 71740.225815 16647740.957259 14939968.221184 12682307.214778 14427685.827602 15538325.073508 296962.657585 14175470.075098 15696456.818340 17120149.111792 14056390.052215 12577203.975447 10150547.428095 11744515.115576 
8 3970288.374917 3203759.781881 15204060.248828 3920979.033354 182250.048011 752578.055752 14039897.240721 14849533.490315  .  428437.918490 9360145.394170 856893.021328 1276078.151995 3130170.744544 14431167.672784 1106063.741382 4677447.049406 14812688.350870 1839265.141300 727628.208634 2556180.637201 438562.766317 770482.997866 15103459.988360 1495418.299340 2804470.497260 2272832.164943 1036404.911220 2338921.204316 4897835.547464 3642434.507304 
9 3576465.809986 2817874.328284 14785391.496339 3621739.760115 593957.885712 1180503.434980 13621347.782066 14429442.593877 428437.918490  .  8975245.766551 1278401.892990 888922.336315 2757294.271564 14009958.656970 1532739.120007 4275859.105490 14392956.153966 2267552.189036 808796.451525 2153169.203755 35305.098782 1188050.377720 14684265.125978 1259591.584602 2846743.925962 2697356.309426 686053.795267 1910645.851538 4511905.550873 3319373.104970 
10 5402935.056060 7676629.886871 6471767.728372 5757905.419508 9541968.824095 10062051.371862 5383079.123513 6225386.995200 9360145.394170 8975245.766551  .  10048374.800434 8529185.204344 7882401.576296 5918562.071990 10318546.137901 4733894.052469 6168370.230458 11028601.203235 9633954.646457 7713581.480091 8982792.203986 9949562.479325 6407126.196666 9086266.870943 10915213.233373 11552560.402352 8776627.717979 7350839.203792 4463424.753482 5875943.507217 
11 4701097.209163 4047280.525242 15986474.361159 4456672.454870 731839.114833 248428.661792 14822274.702622 15637415.339179 856893.021328 1278401.892990 10048374.800434  .  2127680.445932 3964431.432122 15223556.034317 272570.522984 5422587.962403 15599210.371362 1011111.215446 1284517.816147 3410107.238783 1292517.408007 99561.538759 15887862.866037 2241084.496399 3088991.463245 1505145.820178 1877312.539243 3183843.012776 5603922.956287 4230156.305623 
12 3155504.012040 1930927.385999 14150262.364352 3557938.050332 1399549.745454 1986016.656526 12988404.012811 13784303.634569 1276078.151995 888922.336315 8529185.204344 2127680.445932  .  1868527.297098 13356597.367968 2362562.560018 3795409.365273 13750539.125794 3073264.819374 1155700.731158 1282977.981105 864245.757872 2044913.440711 14045474.810415 716226.919349 2664423.573683 3442700.582392 275135.330338 1212354.424251 4105400.465241 3193638.591012 
13 3066461.454185 205786.321217 12946812.305738 4141228.978214 3233193.296108 3794974.353010 11800381.201470 12559126.907950 3130170.744544 2757294.271564 7882401.576296 3964431.432122 1868527.297098  .  12114570.310581 4179565.390085 3419695.677981 12532357.314169 4852367.616947 2802012.990691 736962.658484 2731988.859787 3888447.103922 12833857.797638 1830175.341327 3148593.654316 5145963.019688 2093767.592165 1455178.274302 3868889.747718 3728457.151423 
14 10571345.080925 11926528.179651 889484.530501 11346932.996189 14603559.896135 15178605.786106 587167.991294 463572.906887 14431167.672784 14009958.656970 5918562.071990 15223556.034317 13356597.367968 12114570.310581  .  15494837.727450 9839943.358577 461750.690308 16234318.073144 14512285.103663 12246202.727785 14007713.981232 15124606.399176 759406.149567 13740349.043965 15249323.720415 16702879.172466 13629195.181668 12151189.242210 9758628.270920 11360345.034373 
15 4973605.623690 4269787.135209 16258410.195650 4714502.105207 963635.491252 385265.064598 15094196.947503 15909027.385733 1106063.741382 1532739.120007 10318546.137901 272570.522984 2362562.560018 4179565.390085 15494837.727450  .  5695158.057508 15870908.466121 741460.032638 1440413.541314 3645289.405521 1544496.144378 372126.443565 16159690.252601 2422105.111262 3099660.473342 1234115.168856 2104994.541561 3442463.100746 5875666.863429 4494068.092497 
16 731407.246341 3224809.606783 10582292.455324 1931789.574462 4857045.161412 5405022.209945 9419310.992318 10243226.117781 4677447.049406 4275859.105490 4733894.052469 5422587.962403 3795409.365273 3419695.677981 9839943.358577 5695158.057508  .  10202454.867335 6427207.779433 4905039.576803 3076634.565560 4280276.668628 5323036.690649 10486982.505945 4367757.457781 6248998.294927 6922070.040819 4043167.614631 2627948.496451 484808.838616 1730091.431110 
17 10933500.059908 12342985.888350 430389.370222 11674361.633940 14986096.445039 15558482.238638 795097.006660 71740.225815 14812688.350870 14392956.153966 6168370.230458 15599210.371362 13750539.125794 12532357.314169 461750.690308 15870908.466121 10202454.867335  .  16609378.802351 14906152.094018 12651745.747129 14391350.657947 15500083.129132 304889.816163 14144451.924695 15670918.848938 17082899.967219 14022436.906615 12542911.850922 10107062.531220 11699216.589157 
18 5703196.331883 4954503.845997 16996070.430838 5379396.880692 1685876.086787 1091915.624030 15831919.139826 16647740.957259 1839265.141300 2267552.189036 11028601.203235 1011111.215446 3073264.819374 4852367.616947 16234318.073144 741460.032638 6427207.779433 16609378.802351  .  2059946.982327 4351440.342002 2277410.116777 1109814.439445 16897747.684233 3052526.011355 3363684.409989 564326.616420 2808249.312294 4178175.594682 6597063.596025 5180889.904254 
19 4235088.278891 2915684.182143 15305648.444937 4406383.497836 674328.592008 1064061.173054 14143634.034434 14939968.221184 727628.208634 808796.451525 9633954.646457 1284517.816147 1155700.731158 2802012.990691 14512285.103663 1440413.541314 4905039.576803 14906152.094018 2059946.982327  .  2361551.159725 782422.245338 1238800.355182 15200994.948029 993110.839735 2083612.958301 2349531.297940 884205.230702 2365261.281550 5183017.009426 4088139.538959 
20 2601252.769340 711325.783309 13058933.428117 3515544.277918 2682517.491089 3267486.719177 11902562.854276 12682307.214778 2556180.637201 2153169.203755 7713581.480091 3410107.238783 1282977.981105 736962.658484 12246202.727785 3645289.405521 3076634.565560 12651745.747129 4351440.342002 2361551.159725  .  2132554.930125 3326294.977900 12950167.313591 1495919.817370 3201640.060969 4700077.318513 1543296.488041 743149.547534 3484362.966168 3104960.877370 
21 3582819.409348 2794373.346566 14784212.229605 3641426.275513 598523.466541 1188452.796707 13620228.096842 14427685.827602 438562.766317 35305.098782 8982792.203986 1292517.408007 864245.757872 2731988.859787 14007713.981232 1544496.144378 4280276.668628 14391350.657947 2277410.116777 782422.245338 2132554.930125  .  1203279.373213 14682877.109068 1224974.518102 2814627.259514 2702072.924627 656099.626581 1901120.453838 4519666.055142 3336640.034526 
22 4601540.304072 3968317.735515 15887243.310279 4362528.346040 655883.442389 260202.421203 14723050.181943 15538325.073508 770482.997866 1188050.377720 9949562.479325 99561.538759 2044913.440711 3888447.103922 15124606.399176 372126.443565 5323036.690649 15500083.129132 1109814.439445 1238800.355182 3326294.977900 1203279.373213  .  15788679.408044 2180710.164144 3092318.767527 1604379.269375 1798022.794627 3090400.739386 5504591.265480 4133719.386944 
23 11217752.862316 12644191.433223 133594.348683 11944577.618317 15277204.731887 15848630.516546 1068212.361846 296962.657585 15103459.988360 14684265.125978 6407126.196666 15887862.866037 14045474.810415 12833857.797638 759406.149567 16159690.252601 10486982.505945 304889.816163 16897747.684233 15200994.948029 12950167.313591 14682877.109068 15788679.408044  .  14442396.264125 15973162.319654 17373003.258216 14317135.334975 12837236.996332 10386236.346723 11974187.579957 
24 3769296.789854 1960834.396373 14550541.667581 4265366.466085 1541014.681955 2039329.703604 13392980.079131 14175470.075098 1495418.299340 1259591.584602 9086266.870943 2241084.496399 716226.919349 1830175.341327 13740349.043965 2422105.111262 4367757.457781 14144451.924695 3052526.011355 993110.839735 1495919.817370 1224974.518102 2180710.164144 14442396.264125  .  1963807.144299 3319015.218404 658141.512139 1739825.810247 4712045.290529 3894494.864549 
25 5694069.515733 3345184.474734 16087263.016436 6222322.078613 2715805.451427 2841825.430951 14943920.691037 15696456.818340 2804470.497260 2846743.925962 10915213.233373 3088991.463245 2664423.573683 3148593.654316 15249323.720415 3099660.473342 6248998.294927 15670918.848938 3363684.409989 2083612.958301 3201640.060969 2814627.259514 3092318.767527 15973162.319654 1963807.144299  .  3296694.738674 2522994.183505 3648436.915996 6623746.701075 5856218.716032 
26 6203096.666182 5264487.888674 17472905.792684 5928423.521477 2103681.204460 1524421.864183 16308655.577331 17120149.111792 2272832.164943 2697356.309426 11552560.402352 1505145.820178 3442700.582392 5145963.019688 16702879.172466 1234115.168856 6922070.040819 17082899.967219 564326.616420 2349531.297940 4700077.318513 2702072.924627 1604379.269375 17373003.258216 3319015.218404 3296694.738674  .  3170030.499853 4594646.738325 7108907.499750 5720312.873436 
27 3390696.217593 2170315.663677 14421663.980623 3715319.857024 1145834.063030 1725142.049224 13259561.548181 14056390.052215 1036404.911220 686053.795267 8776627.717979 1877312.539243 275135.330338 2093767.592165 13629195.181668 2104994.541561 4043167.614631 14022436.906615 2808249.312294 884205.230702 1543296.488041 656099.626581 1798022.794627 14317135.334975 658141.512139 2522994.183505 3170030.499853  .  1481078.424662 4340989.515076 3364178.948867 
28 2045634.576360 1378237.432375 12941431.170083 2799766.493835 2497122.672197 3089385.636336 11779085.713671 12577203.975447 2338921.204316 1910645.851538 7350839.203792 3183843.012776 1212354.424251 1455178.274302 12151189.242210 3442463.100746 2627948.496451 12542911.850922 4178175.594682 2365261.281550 743149.547534 1901120.453838 3090400.739386 12837236.996332 1739825.810247 3648436.915996 4594646.738325 1481078.424662  .  2979326.052986 2393213.592641 
29 950325.823073 3677570.074111 10477219.335301 1732056.456932 5079468.484989 5606435.346992 9318163.051804 10150547.428095 4897835.547464 4511905.550873 4463424.753482 5603922.956287 4105400.465241 3868889.747718 9758628.270920 5875666.863429 484808.838616 10107062.531220 6597063.596025 5183017.009426 3484362.966168 4519666.055142 5504591.265480 10386236.346723 4712045.290529 6623746.701075 7108907.499750 4340989.515076 2979326.052986  .  1631208.132030 
30 1161707.725721 3587893.264856 12061796.796912 412777.954838 3822372.260783 4278917.046403 10907368.355841 11744515.115576 3642434.507304 3319373.104970 5875943.507217 4230156.305623 3193638.591012 3728457.151423 11360345.034373 4494068.092497 1730091.431110 11699216.589157 5180889.904254 4088139.538959 3104960.877370 3336640.034526 4133719.386944 11974187.579957 3894494.864549 5856218.716032 5720312.873436 3364178.948867 2393213.592641 1631208.132030  .  
;

param t:
 0	 1	 2	 3	 4	 5	 6	 7	 8	 9	 10	 11	 12	 13	 14	 15	 16	 17	 18	 19	 20	 21	 22	 23	 24	 25	 26	 27	 28	 29	 30	:=
0  .  34.670045 135.753277 17.649728 49.812613 56.283686 121.799783 131.692659 47.643460 42.917590 64.835221 56.413167 37.866048 36.797537 126.856141 59.683267 8.776887 131.202001 68.438356 50.821059 31.215033 42.993833 55.218484 134.613034 45.231561 68.328834 74.437160 40.688355 24.547615 11.403910 13.940493 
1 34.670045  .  153.080419 48.003182 39.785880 46.639724 139.308181 148.442258 38.445117 33.814492 92.119559 48.567366 23.171129 2.469436 143.118338 51.237446 38.697715 148.115831 59.454046 34.988210 8.535909 33.532480 47.619813 151.730297 23.530013 40.142214 63.173855 26.043788 16.538849 44.130841 43.054719 
2 135.753277 153.080419  .  144.344127 184.537426 191.383438 13.971137 5.148575 182.448723 177.424698 77.661213 191.837692 169.803148 155.361748 10.673814 195.100922 126.987509 5.164672 203.952845 183.667781 156.707201 177.410547 190.646920 1.603132 174.606500 193.047156 209.674870 173.059968 155.297174 125.726632 144.741562 
3 17.649728 48.003182 144.344127  .  49.176798 54.289781 130.565041 140.659074 47.051748 43.460877 69.094865 53.480069 42.695257 49.694748 136.163196 56.574025 23.181475 140.092340 64.552763 52.876602 42.186531 43.697115 52.350340 143.334931 51.184398 74.667865 71.141082 44.583838 33.597198 20.784677 4.953335 
4 49.812613 39.785880 184.537426 49.176798  .  7.128335 170.568230 180.272501 2.187001 7.127495 114.503626 8.782069 16.794597 38.798320 175.242719 11.563626 58.284542 179.833157 20.230513 8.091943 32.190210 7.182282 7.870601 183.326457 18.492176 32.589665 25.244174 13.750009 29.965472 60.953622 45.868467 
5 56.283686 46.639724 191.383438 54.289781 7.128335  .  177.412526 187.148746 9.030937 14.166041 120.744616 2.981144 23.832200 45.539692 182.143269 4.623181 64.860267 186.701787 13.102987 12.768734 39.209841 14.261434 3.122429 190.183566 24.471956 34.101905 18.293062 20.701705 37.072628 67.277224 51.347005 
6 121.799783 139.308181 13.971137 130.565041 170.568230 177.412526  .  10.158296 168.478767 163.456173 64.596949 177.867296 155.860848 141.604574 7.046016 181.130363 113.031732 9.541164 189.983030 169.723608 142.830754 163.442737 176.676602 12.818548 160.715761 179.327048 195.703867 159.114739 141.349029 111.817957 130.888420 
7 131.692659 148.442258 5.148575 140.659074 180.272501 187.148746 10.158296  .  178.194402 173.153311 74.704644 187.648984 165.411644 150.709523 5.562875 190.908329 122.918713 0.860883 199.772891 179.279619 152.187687 173.132230 186.459901 3.563552 170.105641 188.357482 205.441789 168.676681 150.926448 121.806569 140.934181 
8 47.643460 38.445117 182.448723 47.051748 2.187001 9.030937 168.478767 178.194402  .  5.141255 112.321745 10.282716 15.312938 37.562049 173.174012 13.272765 56.129365 177.752260 22.071182 8.731539 30.674168 5.262753 9.245796 181.241520 17.945020 33.653646 27.273986 12.436859 28.067054 58.774027 43.709214 
9 42.917590 33.814492 177.424698 43.460877 7.127495 14.166041 163.456173 173.153311 5.141255  .  107.702949 15.340823 10.667068 33.087531 168.119504 18.392869 51.310309 172.715474 27.210626 9.705557 25.838030 0.423661 14.256605 176.211182 15.115099 34.160927 32.368276 8.232646 22.927750 54.142867 39.832477 
10 64.835221 92.119559 77.661213 69.094865 114.503626 120.744616 64.596949 74.704644 112.321745 107.702949  .  120.580498 102.350222 94.588819 71.022745 123.822554 56.806729 74.020443 132.343214 115.607456 92.562978 107.793506 119.394750 76.885514 109.035202 130.982559 138.630725 105.319533 88.210070 53.561097 70.511322 
11 56.413167 48.567366 191.837692 53.480069 8.782069 2.981144 177.867296 187.648984 10.282716 15.340823 120.580498  .  25.532165 47.573177 182.682672 3.270846 65.071056 187.190524 12.133335 15.414214 40.921287 15.510209 1.194738 190.654354 26.893014 37.067898 18.061750 22.527750 38.206116 67.247075 50.761876 
12 37.866048 23.171129 169.803148 42.695257 16.794597 23.832200 155.860848 165.411644 15.312938 10.667068 102.350222 25.532165  .  22.422328 160.279168 28.350751 45.544912 165.006470 36.879178 13.868409 15.395736 10.370949 24.538961 168.545698 8.594723 31.973083 41.312407 3.301624 14.548253 49.264806 38.323663 
13 36.797537 2.469436 155.361748 49.694748 38.798320 45.539692 141.604574 150.709523 37.562049 33.087531 94.588819 47.573177 22.422328  .  145.374844 50.154785 41.036348 150.388288 58.228411 33.624156 8.843552 32.783866 46.661365 154.006294 21.962104 37.783124 61.751556 25.125211 17.462139 46.426677 44.741486 
14 126.856141 143.118338 10.673814 136.163196 175.242719 182.143269 7.046016 5.562875 173.174012 168.119504 71.022745 182.682672 160.279168 145.374844  .  185.938053 118.079320 5.541008 194.811817 174.147421 146.954433 168.092568 181.495277 9.112874 164.884189 182.991885 200.434550 163.550342 145.814271 117.103539 136.324140 
15 59.683267 51.237446 195.100922 56.574025 11.563626 4.623181 181.130363 190.908329 13.272765 18.392869 123.822554 3.270846 28.350751 50.154785 185.938053  .  68.341897 190.450902 8.897520 17.284962 43.743473 18.533954 4.465517 193.916283 29.065261 37.195926 14.809382 25.259934 41.309557 70.508002 53.928817 
16 8.776887 38.697715 126.987509 23.181475 58.284542 64.860267 113.031732 122.918713 56.129365 51.310309 56.806729 65.071056 45.544912 41.036348 118.079320 68.341897  .  122.429458 77.126493 58.860475 36.919615 51.363320 63.876440 125.843790 52.413089 74.987980 83.064840 48.518011 31.535382 5.817706 20.761097 
17 131.202001 148.115831 5.164672 140.092340 179.833157 186.701787 9.541164 0.860883 177.752260 172.715474 74.020443 187.190524 165.006470 150.388288 5.541008 190.450902 122.429458  .  199.312546 178.873825 151.820949 172.696208 186.000998 3.658678 169.733423 188.051026 204.994800 168.269243 150.514942 121.284750 140.390599 
18 68.438356 59.454046 203.952845 64.552763 20.230513 13.102987 189.983030 199.772891 22.071182 27.210626 132.343214 12.133335 36.879178 58.228411 194.811817 8.897520 77.126493 199.312546  .  24.719364 52.217284 27.328921 13.317773 202.772972 36.630312 40.364213 6.771919 33.698992 50.138107 79.164763 62.170679 
19 50.821059 34.988210 183.667781 52.876602 8.091943 12.768734 169.723608 179.279619 8.731539 9.705557 115.607456 15.414214 13.868409 33.624156 174.147421 17.284962 58.860475 178.873825 24.719364  .  28.338614 9.389067 14.865604 182.411939 11.917330 25.003355 28.194376 10.610463 28.383135 62.196204 49.057674 
20 31.215033 8.535909 156.707201 42.186531 32.190210 39.209841 142.830754 152.187687 30.674168 25.838030 92.562978 40.921287 15.395736 8.843552 146.954433 43.743473 36.919615 151.820949 52.217284 28.338614  .  25.590659 39.915540 155.402008 17.951038 38.419681 56.400928 18.519558 8.917795 41.812356 37.259531 
21 42.993833 33.532480 177.410547 43.697115 7.182282 14.261434 163.442737 173.132230 5.262753 0.423661 107.793506 15.510209 10.370949 32.783866 168.092568 18.533954 51.363320 172.696208 27.328921 9.389067 25.590659  .  14.439352 176.194525 14.699694 33.775527 32.424875 7.873196 22.813445 54.235993 40.039680 
22 55.218484 47.619813 190.646920 52.350340 7.870601 3.122429 176.676602 186.459901 9.245796 14.256605 119.394750 1.194738 24.538961 46.661365 181.495277 4.465517 63.876440 186.000998 13.317773 14.865604 39.915540 14.439352  .  189.464153 26.168522 37.107825 19.252551 21.576274 37.084809 66.055095 49.604633 
23 134.613034 151.730297 1.603132 143.334931 183.326457 190.183566 12.818548 3.563552 181.241520 176.211182 76.885514 190.654354 168.545698 154.006294 9.112874 193.916283 125.843790 3.658678 202.772972 182.411939 155.402008 176.194525 189.464153  .  173.308755 191.677948 208.476039 171.805624 154.046844 124.634836 143.690251 
24 45.231561 23.530013 174.606500 51.184398 18.492176 24.471956 160.715761 170.105641 17.945020 15.115099 109.035202 26.893014 8.594723 21.962104 164.884189 29.065261 52.413089 169.733423 36.630312 11.917330 17.951038 14.699694 26.168522 173.308755  .  23.565686 39.828183 7.897698 20.877910 56.544543 46.733938 
25 68.328834 40.142214 193.047156 74.667865 32.589665 34.101905 179.327048 188.357482 33.653646 34.160927 130.982559 37.067898 31.973083 37.783124 182.991885 37.195926 74.987980 188.051026 40.364213 25.003355 38.419681 33.775527 37.107825 191.677948 23.565686  .  39.560337 30.275930 43.781243 79.484960 70.274625 
26 74.437160 63.173855 209.674870 71.141082 25.244174 18.293062 195.703867 205.441789 27.273986 32.368276 138.630725 18.061750 41.312407 61.751556 200.434550 14.809382 83.064840 204.994800 6.771919 28.194376 56.400928 32.424875 19.252551 208.476039 39.828183 39.560337  .  38.040366 55.135761 85.306890 68.643754 
27 40.688355 26.043788 173.059968 44.583838 13.750009 20.701705 159.114739 168.676681 12.436859 8.232646 105.319533 22.527750 3.301624 25.125211 163.550342 25.259934 48.518011 168.269243 33.698992 10.610463 18.519558 7.873196 21.576274 171.805624 7.897698 30.275930 38.040366  .  17.772941 52.091874 40.370147 
28 24.547615 16.538849 155.297174 33.597198 29.965472 37.072628 141.349029 150.926448 28.067054 22.927750 88.210070 38.206116 14.548253 17.462139 145.814271 41.309557 31.535382 150.514942 50.138107 28.383135 8.917795 22.813445 37.084809 154.046844 20.877910 43.781243 55.135761 17.772941  .  35.751913 28.718563 
29 11.403910 44.130841 125.726632 20.784677 60.953622 67.277224 111.817957 121.806569 58.774027 54.142867 53.561097 67.247075 49.264806 46.426677 117.103539 70.508002 5.817706 121.284750 79.164763 62.196204 41.812356 54.235993 66.055095 124.634836 56.544543 79.484960 85.306890 52.091874 35.751913  .  19.574498 
30 13.940493 43.054719 144.741562 4.953335 45.868467 51.347005 130.888420 140.934181 43.709214 39.832477 70.511322 50.761876 38.323663 44.741486 136.324140 53.928817 20.761097 140.390599 62.170679 49.057674 37.259531 40.039680 49.604633 143.690251 46.733938 70.274625 68.643754 40.370147 28.718563 19.574498  .  
;

